0 0.945645 0.513045 0.034207 0.959661 0.931175 0.992876 2 0.962749 0.650356 2 0.949294 0.327862 2 0.928542 0.033215 2 0.0 0.0 0
3 0.783608 0.270849 0.153513 0.020315 0.706852 0.281007 2 0.744282 0.272034 2 0.780035 0.265179 2 0.824485 0.260692 2 0.860365 0.266105 2
3 0.787827 0.235742 0.161927 0.034546 0.706863 0.218469 2 0.748490 0.221991 2 0.787506 0.229280 2 0.824670 0.240182 2 0.868791 0.253015 2
2 0.764780 0.171075 0.004225 0.074262 0.766892 0.208206 2 0.765839 0.188811 2 0.764780 0.170692 2 0.763727 0.153339 2 0.762668 0.133944 2
3 0.777034 0.082354 0.133177 0.010344 0.843623 0.077182 2 0.810399 0.080318 2 0.782083 0.082633 2 0.748681 0.083950 2 0.710446 0.087526 2
3 0.217072 0.621518 0.429016 0.031108 0.431580 0.609852 2 0.326412 0.630868 2 0.217326 0.637072 2 0.108484 0.628909 2 0.002564 0.605964 2
3 0.523793 0.622856 0.143860 0.030926 0.595723 0.638319 2 0.565116 0.627124 2 0.531262 0.616001 2 0.489525 0.613932 2 0.451863 0.607393 2
3 0.500527 0.721904 0.150266 0.025972 0.575660 0.734890 2 0.540399 0.726609 2 0.504797 0.717523 2 0.463056 0.715457 2 0.425394 0.708918 2
2 0.387251 0.727624 0.071817 0.027384 0.423160 0.713932 2 0.399126 0.723275 2 0.385828 0.728738 2 0.369311 0.734751 2 0.351343 0.741317 2
2 0.259745 0.643316 0.368553 0.128102 0.444022 0.707367 2 0.370081 0.671534 2 0.266152 0.641357 2 0.166591 0.613354 2 0.075469 0.579265 2
2 0.309612 0.610088 0.048600 0.027619 0.333912 0.623898 2 0.319317 0.617384 2 0.307865 0.611693 2 0.297112 0.604190 2 0.285312 0.596279 2
3 0.299080 0.390119 0.574421 0.212772 0.586291 0.496505 2 0.465723 0.436947 2 0.365150 0.365842 2 0.203883 0.316357 2 0.011869 0.283733 2
3 0.345440 0.472980 0.200637 0.033941 0.445758 0.456010 2 0.402431 0.469766 2 0.354844 0.480680 2 0.303478 0.485946 2 0.245122 0.489951 2
2 0.297350 0.440652 0.036296 0.073573 0.315498 0.477439 2 0.301395 0.458226 2 0.294838 0.440275 2 0.288275 0.423082 2 0.279201 0.403866 2
2 0.144997 0.503843 0.287390 0.040353 0.288692 0.491568 2 0.215747 0.515237 2 0.129421 0.524019 2 0.051065 0.509068 2 0.001302 0.483666 2
1 0.188495 0.452749 0.159491 0.058362 0.268241 0.481930 2 0.217112 0.467309 2 0.174913 0.453602 2 0.135330 0.438105 2 0.108750 0.423568 2
1 0.030046 0.525807 0.059595 0.017639 0.059844 0.516988 2 0.043472 0.523157 2 0.028866 0.528044 2 0.013397 0.532295 2 0.000249 0.534627 2
2 0.328547 0.267869 0.033669 0.114048 0.311713 0.324893 2 0.323756 0.294343 2 0.331476 0.265281 2 0.340584 0.237775 2 0.345382 0.210845 2
2 0.306950 0.277351 0.329653 0.066745 0.471777 0.310723 2 0.387552 0.304462 2 0.298501 0.296328 2 0.205220 0.274392 2 0.142124 0.243979 2
3 0.589031 0.264455 0.112193 0.053452 0.645127 0.291181 2 0.623941 0.274832 2 0.597280 0.261991 2 0.566047 0.246942 2 0.532934 0.237729 2
2 0.399233 0.243037 0.283200 0.050205 0.540833 0.243449 2 0.467888 0.267115 2 0.383241 0.268139 2 0.308235 0.251305 2 0.257633 0.217934 2
1 0.509028 0.170894 0.087546 0.127089 0.552801 0.234439 2 0.537106 0.201484 2 0.516725 0.169172 2 0.489711 0.138030 2 0.465255 0.107350 2
1 0.020802 0.176175 0.037263 0.093171 0.002170 0.222760 2 0.012691 0.199702 2 0.021030 0.176201 2 0.030729 0.153082 2 0.039433 0.129589 2
3 0.616858 0.185493 0.115162 0.023255 0.674439 0.197121 2 0.646638 0.187367 2 0.620104 0.183111 2 0.588328 0.178342 2 0.559277 0.173866 2
2 0.620000 0.141068 0.075475 0.077280 0.657737 0.179708 2 0.631620 0.161337 2 0.609734 0.143385 2 0.593889 0.124421 2 0.582263 0.102428 2
2 0.579161 0.121777 0.035579 0.028073 0.596950 0.135813 2 0.585382 0.128501 2 0.576458 0.121337 2 0.569693 0.114653 2 0.561372 0.107740 2
3 0.270477 0.193847 0.532865 0.040969 0.536910 0.175341 2 0.418160 0.207677 2 0.279688 0.214332 2 0.142766 0.199829 2 0.004045 0.173362 2
0 0.663024 0.566141 0.045295 0.860217 0.670370 0.996250 2 0.640376 0.696432 2 0.649589 0.417538 2 0.685671 0.136033 2 0.0 0.0 0
3 0.780318 0.499450 0.188530 0.036638 0.686053 0.517769 2 0.737367 0.506985 2 0.780365 0.494699 2 0.822402 0.489002 2 0.874583 0.481131 2
2 0.756134 0.487227 0.175683 0.032428 0.668293 0.503440 2 0.714699 0.496892 2 0.757656 0.489303 2 0.800359 0.478608 2 0.843976 0.471013 2
3 0.740576 0.726383 0.088015 0.017517 0.784583 0.717624 2 0.760631 0.719994 2 0.741123 0.723576 2 0.717216 0.728232 2 0.696568 0.735142 2
2 0.804991 0.662951 0.102297 0.051713 0.753843 0.637095 2 0.771811 0.652870 2 0.796030 0.666751 2 0.825347 0.677758 2 0.856140 0.688808 2
2 0.741979 0.588971 0.051319 0.066664 0.767639 0.622303 2 0.755561 0.604893 2 0.746007 0.588628 2 0.732419 0.572798 2 0.716319 0.555639 2
3 0.783903 0.636950 0.191291 0.023796 0.688258 0.625052 2 0.741725 0.625937 2 0.787037 0.632619 2 0.827899 0.640153 2 0.879549 0.648848 2
3 0.774216 0.908779 0.129543 0.011620 0.709444 0.902969 2 0.744641 0.903212 2 0.773466 0.906062 2 0.804485 0.908478 2 0.838987 0.914589 2
2 0.250897 0.753799 0.044826 0.026163 0.273310 0.766881 2 0.258582 0.761305 2 0.244861 0.755929 2 0.236672 0.748053 2 0.228484 0.740718 2
1 0.030124 0.740616 0.055897 0.037986 0.058073 0.759609 2 0.034410 0.751288 2 0.022448 0.741421 2 0.011487 0.731085 2 0.002176 0.721623 2
1 0.055061 0.796992 0.009057 0.043770 0.050532 0.818877 2 0.053756 0.809036 2 0.055868 0.798571 2 0.059190 0.787216 2 0.059589 0.775107 2
2 0.078275 0.837594 0.058021 0.026565 0.107286 0.850877 2 0.092784 0.843941 2 0.078275 0.837459 2 0.063773 0.831250 2 0.049265 0.824311 2
3 0.304094 0.871098 0.584485 0.087295 0.596337 0.914745 2 0.419039 0.913799 2 0.269821 0.891473 2 0.144531 0.864057 2 0.011852 0.827451 2
1 0.441406 0.705314 0.312049 0.083516 0.597431 0.747072 2 0.480897 0.737338 2 0.391817 0.716079 2 0.326956 0.689578 2 0.285382 0.663556 2
3 0.767023 0.755566 0.218281 0.004974 0.876163 0.757954 2 0.823021 0.758053 2 0.766655 0.756071 2 0.713351 0.755781 2 0.657882 0.753079 2
3 0.324178 0.761495 0.636343 0.022277 0.642350 0.750356 2 0.478003 0.761343 2 0.319740 0.772633 2 0.162569 0.772514 2 0.006007 0.761343 2
3 0.447937 0.330992 0.886291 0.043021 0.891082 0.352503 2 0.683542 0.309482 2 0.468449 0.320093 2 0.233519 0.342332 2 0.004792 0.349117 2
1 0.020266 0.114657 0.037546 0.012439 0.039039 0.108437 2 0.028981 0.112627 2 0.019491 0.115524 2 0.010365 0.118466 2 0.001493 0.120877 2
1 0.004803 0.048030 0.009201 0.061863 0.006493 0.078961 2 0.009404 0.062199 2 0.003113 0.047700 2 0.001366 0.032509 2 0.000203 0.017098 2
3 0.808993 0.017295 0.195023 0.013588 0.906505 0.022465 2 0.852037 0.024089 2 0.803137 0.021629 2 0.756713 0.019543 2 0.711481 0.010501 2
3 0.344117 0.063746 0.676059 0.108255 0.682147 0.009618 2 0.530868 0.081751 2 0.343079 0.117627 2 0.164670 0.117873 2 0.006088 0.094126 2
