3 0.619239 0.579230 0.755411 0.202714 0.241534 0.680587 2 0.435174 0.584427 2 0.632228 0.532758 2 0.818808 0.512329 2 0.996944 0.477873 2
3 0.046004 0.495966 0.084149 0.013316 0.088079 0.502624 2 0.065197 0.498681 2 0.043860 0.495205 2 0.023519 0.491091 2 0.003929 0.489308 2
3 0.041670 0.433290 0.078189 0.014531 0.080764 0.440556 2 0.061198 0.435729 2 0.040521 0.432254 2 0.020185 0.428139 2 0.002575 0.426024 2
3 0.029517 0.335992 0.054253 0.004630 0.056644 0.338307 2 0.043067 0.336771 2 0.028721 0.335663 2 0.014606 0.334355 2 0.002390 0.333678 2
3 0.250845 0.524041 0.095648 0.008215 0.203021 0.519933 2 0.229838 0.524291 2 0.252604 0.526774 2 0.282483 0.528148 2 0.298669 0.527694 2
3 0.159656 0.518808 0.092448 0.034850 0.113432 0.536233 2 0.145914 0.528070 2 0.168189 0.520246 2 0.194039 0.508582 2 0.205880 0.501383 2
3 0.359595 0.538766 0.099687 0.016496 0.409439 0.547014 2 0.382332 0.542130 2 0.357060 0.537824 2 0.332963 0.532729 2 0.309751 0.530518 2
2 0.154766 0.539515 0.253698 0.014146 0.281615 0.532442 2 0.220937 0.540385 2 0.152020 0.544957 2 0.090428 0.546589 2 0.027917 0.543533 2
2 0.036918 0.567909 0.069184 0.107237 0.071510 0.621528 2 0.053183 0.592902 2 0.040353 0.566788 2 0.021568 0.541999 2 0.002326 0.514291 2
3 0.744057 0.485969 0.501204 0.101626 0.493455 0.536782 2 0.609861 0.519867 2 0.719213 0.481233 2 0.849589 0.461560 2 0.994659 0.435156 2
3 0.573267 0.438597 0.124485 0.009583 0.511024 0.443388 2 0.546360 0.440715 2 0.576684 0.439219 2 0.608594 0.439034 2 0.635509 0.433805 2
3 0.357778 0.450392 0.146400 0.006212 0.430978 0.453498 2 0.390891 0.447286 2 0.353791 0.449601 2 0.317598 0.451169 2 0.284578 0.450692 2
3 0.218712 0.448073 0.109589 0.016267 0.273507 0.456207 2 0.243218 0.455307 2 0.210938 0.451071 2 0.186453 0.445680 2 0.163918 0.439939 2
2 0.779036 0.414217 0.272760 0.035333 0.642656 0.431884 2 0.717465 0.422711 2 0.787569 0.413397 2 0.853461 0.405162 2 0.915417 0.396551 2
3 0.588843 0.429848 0.784965 0.134164 0.196360 0.496930 2 0.332199 0.428874 2 0.542714 0.407292 2 0.745920 0.388050 2 0.981325 0.362766 2
2 0.957711 0.331661 0.082541 0.129676 0.998981 0.396499 2 0.978345 0.362633 2 0.957708 0.330992 2 0.937078 0.300692 2 0.916441 0.266823 2
3 0.442595 0.289508 0.095874 0.010677 0.490532 0.286233 2 0.463235 0.284170 2 0.438605 0.287008 2 0.415556 0.291505 2 0.394659 0.294847 2
2 0.311956 0.299271 0.133935 0.010619 0.378924 0.293961 2 0.347170 0.296832 2 0.316030 0.301733 2 0.279034 0.304459 2 0.244988 0.304580 2
2 0.305495 0.342049 0.119601 0.090243 0.365295 0.296927 2 0.335932 0.321979 2 0.307488 0.345587 2 0.277402 0.365952 2 0.245694 0.387170 2
2 0.970518 0.345635 0.054647 0.037648 0.943194 0.364459 2 0.960677 0.355188 2 0.972164 0.345075 2 0.984630 0.336102 2 0.997841 0.326811 2
3 0.586641 0.343818 0.123061 0.033001 0.525110 0.360318 2 0.561418 0.353336 2 0.589699 0.344876 2 0.618594 0.335260 2 0.648171 0.327318 2
3 0.824039 0.325752 0.344086 0.028380 0.651997 0.326751 2 0.730376 0.339942 2 0.824630 0.339184 2 0.909410 0.329983 2 0.996082 0.311563 2
2 0.661580 0.323087 0.132141 0.046013 0.595509 0.346094 2 0.633536 0.337046 2 0.665579 0.327170 2 0.696383 0.316209 2 0.727650 0.300081 2
2 0.673420 0.302260 0.103507 0.049352 0.621667 0.326936 2 0.637737 0.310252 2 0.667870 0.296400 2 0.693270 0.286395 2 0.725174 0.277584 2
1 0.720344 0.274097 0.025573 0.012726 0.707558 0.280460 2 0.713837 0.277216 2 0.720758 0.273970 2 0.727257 0.270877 2 0.733131 0.267734 2
2 0.664384 0.773701 0.659508 0.037066 0.334630 0.755168 2 0.487234 0.785463 2 0.663594 0.792234 2 0.822529 0.782274 2 0.994138 0.762691 2
2 0.580547 0.852070 0.287471 0.139470 0.436811 0.782335 2 0.534225 0.814540 2 0.612674 0.849994 2 0.677106 0.884887 2 0.724282 0.921806 2
3 0.291111 0.756768 0.066377 0.001944 0.257922 0.757740 2 0.275515 0.757167 2 0.291916 0.756626 2 0.308119 0.756250 2 0.324300 0.755796 2
3 0.514792 0.784774 0.420012 0.045978 0.304786 0.807763 2 0.413426 0.763976 2 0.537367 0.761785 2 0.634063 0.772627 2 0.724797 0.784378 2
2 0.465712 0.700023 0.050139 0.112517 0.440642 0.756282 2 0.460029 0.725498 2 0.470168 0.698504 2 0.479792 0.672642 2 0.490781 0.643764 2
2 0.722639 0.773662 0.143796 0.019083 0.650741 0.770706 2 0.702350 0.778264 2 0.742581 0.783203 2 0.770417 0.775463 2 0.794537 0.764120 2
3 0.077118 0.726651 0.143866 0.017700 0.149051 0.735501 2 0.111042 0.728417 2 0.075602 0.722173 2 0.040428 0.720304 2 0.005185 0.717801 2
3 0.720914 0.658459 0.532049 0.038030 0.454890 0.639444 2 0.588756 0.666936 2 0.726644 0.677277 2 0.861071 0.677474 2 0.986939 0.671291 2
3 0.062072 0.631179 0.117060 0.007572 0.120602 0.634965 2 0.090417 0.631435 2 0.062269 0.628328 2 0.034340 0.627393 2 0.003542 0.628819 2
2 0.581288 0.628313 0.051105 0.036065 0.555735 0.646345 2 0.569091 0.636930 2 0.581557 0.628128 2 0.593484 0.619699 2 0.606840 0.610281 2
2 0.605550 0.639593 0.067500 0.027804 0.571800 0.653495 2 0.590324 0.647561 2 0.608773 0.642433 2 0.623646 0.633947 2 0.639300 0.625692 2
2 0.522581 0.480538 0.135787 0.171777 0.454688 0.566427 2 0.494236 0.515000 2 0.523993 0.472115 2 0.556273 0.434051 2 0.590475 0.394650 2
2 0.674196 0.442449 0.041111 0.163302 0.653640 0.524100 2 0.686777 0.481609 2 0.693166 0.443533 2 0.694751 0.403869 2 0.691840 0.360799 2
3 0.367185 0.120849 0.288258 0.086861 0.511314 0.164280 2 0.420619 0.154459 2 0.368154 0.123796 2 0.300156 0.098148 2 0.223056 0.077419 2
3 0.073958 0.043738 0.099560 0.042054 0.024178 0.064766 2 0.053553 0.055865 2 0.076435 0.045087 2 0.099809 0.032836 2 0.123738 0.022711 2
3 0.348015 0.044495 0.436424 0.028845 0.129803 0.030072 2 0.222541 0.047240 2 0.340891 0.056800 2 0.447755 0.058918 2 0.566227 0.054010 2
2 0.366751 0.024789 0.134659 0.047269 0.299421 0.048423 2 0.334508 0.037908 2 0.366551 0.026357 2 0.396105 0.014346 2 0.434080 0.001155 2
2 0.552092 0.027794 0.069497 0.051930 0.517344 0.053759 2 0.535833 0.042170 2 0.553385 0.030205 2 0.571343 0.016019 2 0.586840 0.001829 2
2 0.211542 0.094808 0.126916 0.024719 0.275000 0.096516 2 0.248160 0.103319 2 0.211470 0.107167 2 0.174126 0.098238 2 0.148084 0.082448 2
1 0.149740 0.062480 0.006273 0.038194 0.146603 0.081577 2 0.150110 0.072167 2 0.150058 0.062714 2 0.151424 0.053510 2 0.152876 0.043383 2
3 0.379097 0.148662 0.048542 0.002717 0.403368 0.150020 2 0.389988 0.149696 2 0.378194 0.149161 2 0.367176 0.148602 2 0.354826 0.147303 2
2 0.321612 0.151761 0.083142 0.005043 0.363183 0.149239 2 0.344780 0.152986 2 0.325191 0.154282 2 0.300660 0.152260 2 0.280041 0.149395 2
2 0.423128 0.165217 0.042378 0.004369 0.444317 0.163032 2 0.434936 0.166091 2 0.423270 0.167402 2 0.411100 0.167101 2 0.401939 0.163160 2
3 0.506962 0.136612 0.066667 0.018426 0.540295 0.128744 2 0.510457 0.127399 2 0.490318 0.128900 2 0.480243 0.135770 2 0.473628 0.145825 2
2 0.428874 0.126633 0.076233 0.004852 0.466991 0.129060 2 0.447934 0.127792 2 0.428872 0.126609 2 0.409815 0.125475 2 0.390758 0.124207 2
2 0.493915 0.104618 0.010909 0.035405 0.488461 0.122321 2 0.491927 0.113180 2 0.494682 0.104618 2 0.497355 0.095914 2 0.499369 0.086916 2
0 0.314158 0.913235 0.005214 0.167193 0.316765 0.996832 2 0.313640 0.938721 2 0.311551 0.884181 2 0.312593 0.829638 2 0.0 0.0 0
0 0.461490 0.462105 0.234091 0.713342 0.344444 0.818776 2 0.420822 0.576412 2 0.497940 0.349057 2 0.578536 0.105434 2 0.0 0.0 0
0 0.139421 0.484104 0.248704 0.712746 0.263773 0.840477 2 0.155775 0.600252 2 0.100220 0.371780 2 0.015069 0.127731 2 0.0 0.0 0
2 0.850781 0.120392 0.292685 0.034575 0.704439 0.103105 2 0.773727 0.118848 2 0.845150 0.131053 2 0.916088 0.137448 2 0.997124 0.137679 2
1 0.677758 0.040145 0.021001 0.077587 0.688258 0.078938 2 0.681262 0.059887 2 0.674554 0.039583 2 0.669010 0.020532 2 0.667257 0.001351 2
3 0.701354 0.080877 0.026331 0.025214 0.688189 0.093484 2 0.693802 0.086360 2 0.701493 0.080666 2 0.708102 0.074416 2 0.714520 0.068270 2
3 0.643573 0.107659 0.108108 0.016447 0.589520 0.115883 2 0.615764 0.109635 2 0.643779 0.104994 2 0.670579 0.102465 2 0.697627 0.099436 2
3 0.576707 0.096455 0.001748 0.017488 0.577581 0.105200 2 0.576534 0.100561 2 0.575833 0.096409 2 0.577581 0.091973 2 0.577581 0.087711 2
1 0.547705 0.090305 0.019219 0.024650 0.557315 0.102630 2 0.554549 0.096273 2 0.548530 0.090275 2 0.543322 0.084120 2 0.538096 0.077980 2
2 0.650174 0.176280 0.072465 0.023093 0.613941 0.164734 2 0.632865 0.170770 2 0.650544 0.176400 2 0.667483 0.181791 2 0.686406 0.187827 2
1 0.670032 0.067473 0.026730 0.132850 0.657147 0.133898 2 0.656667 0.098620 2 0.662095 0.063637 2 0.670376 0.029925 2 0.683397 0.001047 2
1 0.534219 0.075729 0.159468 0.147112 0.613953 0.149285 2 0.542685 0.116785 2 0.500642 0.078568 2 0.470920 0.038822 2 0.454485 0.002173 2
3 0.612514 0.157354 0.113397 0.039407 0.555816 0.177057 2 0.583333 0.168194 2 0.615330 0.158620 2 0.641956 0.147138 2 0.669213 0.137650 2
