1 0.083984 0.028330 0.163872 0.048328 0.002049 0.052494 2 0.053293 0.040828 2 0.095492 0.027989 2 0.133542 0.015428 2 0.165920 0.004167 2
2 0.058927 0.030143 0.112656 0.057613 0.002598 0.058950 2 0.036644 0.043802 2 0.067865 0.027943 2 0.093895 0.014670 2 0.115255 0.001337 2
3 0.087025 0.130877 0.164769 0.009190 0.004641 0.135472 2 0.047894 0.134063 2 0.088194 0.132697 2 0.126285 0.129578 2 0.169410 0.126282 2
2 0.088736 0.152924 0.175550 0.038747 0.000961 0.172297 2 0.052616 0.170778 2 0.103125 0.158900 2 0.140475 0.147726 2 0.176510 0.133550 2
1 0.077017 0.136519 0.151256 0.046123 0.001389 0.156933 2 0.042199 0.159580 2 0.088038 0.145530 2 0.117598 0.131632 2 0.152645 0.113458 2
2 0.196042 0.151846 0.035787 0.028964 0.178148 0.137364 2 0.183304 0.147095 2 0.190145 0.154227 2 0.200862 0.160391 2 0.213935 0.166328 2
2 0.150145 0.173025 0.100822 0.058330 0.099734 0.143860 2 0.122500 0.160501 2 0.145799 0.176042 2 0.173819 0.190052 2 0.200556 0.202190 2
1 0.252240 0.172176 0.056319 0.006510 0.224080 0.168921 2 0.237957 0.172393 2 0.251713 0.174847 2 0.266522 0.175119 2 0.280399 0.175431 2
1 0.125014 0.353968 0.080503 0.038573 0.084763 0.334682 2 0.101395 0.346730 2 0.122674 0.357202 2 0.142697 0.366736 2 0.165266 0.373255 2
3 0.112989 0.481908 0.222020 0.007723 0.001979 0.478047 2 0.060509 0.481059 2 0.120839 0.483383 2 0.172130 0.484065 2 0.223999 0.485770 2
2 0.173950 0.446931 0.001649 0.054939 0.173125 0.474401 2 0.173675 0.460046 2 0.174010 0.446644 2 0.174219 0.433817 2 0.174774 0.419462 2
2 0.214219 0.519251 0.056215 0.059271 0.186111 0.489615 2 0.199907 0.505122 2 0.213131 0.519569 2 0.226013 0.533380 2 0.242326 0.548886 2
2 0.274829 0.518633 0.076152 0.057179 0.236753 0.490043 2 0.258958 0.504751 2 0.273356 0.518938 2 0.290810 0.532263 2 0.312905 0.547222 2
2 0.159115 0.511963 0.160567 0.038597 0.078831 0.531262 2 0.123484 0.523640 2 0.164410 0.515868 2 0.200723 0.506369 2 0.239398 0.492665 2
3 0.034219 0.531910 0.064410 0.001667 0.002014 0.531884 2 0.018310 0.531076 2 0.034236 0.531542 2 0.050359 0.532390 2 0.066424 0.532743 2
1 0.410480 0.506753 0.187141 0.051383 0.316910 0.532445 2 0.376887 0.522517 2 0.427992 0.510318 2 0.470856 0.497257 2 0.504051 0.481062 2
3 0.038524 0.649238 0.073368 0.018591 0.001840 0.639942 2 0.020116 0.644974 2 0.038478 0.649387 2 0.056539 0.654184 2 0.075208 0.658533 2
3 0.173762 0.660615 0.183252 0.007202 0.082135 0.657014 2 0.128264 0.659051 2 0.172795 0.661817 2 0.219207 0.664216 2 0.265388 0.663927 2
2 0.453342 0.664479 0.365793 0.085602 0.270446 0.668542 2 0.340428 0.707280 2 0.456175 0.706181 2 0.553252 0.667841 2 0.636238 0.621678 2
3 0.910469 0.265067 0.170880 0.003981 0.995909 0.264688 2 0.950943 0.267057 2 0.906892 0.266913 2 0.865961 0.266010 2 0.825029 0.263076 2
1 0.803970 0.224297 0.031065 0.063542 0.819502 0.256068 2 0.809149 0.240463 2 0.801383 0.223955 2 0.796846 0.208354 2 0.788438 0.192526 2
3 0.107428 0.919317 0.209416 0.056418 0.002720 0.891108 2 0.035156 0.911970 2 0.077373 0.931771 2 0.134977 0.947526 2 0.212135 0.938756 2
3 0.112442 0.203139 0.215683 0.016678 0.004601 0.194800 2 0.061186 0.199207 2 0.113924 0.203310 2 0.163808 0.207138 2 0.220284 0.211479 2
2 0.385272 0.147839 0.341701 0.163281 0.214421 0.219161 2 0.345550 0.229479 2 0.466163 0.182731 2 0.511933 0.131956 2 0.556123 0.066198 2
2 0.110709 0.218255 0.098953 0.028785 0.061233 0.203863 2 0.087182 0.211661 2 0.114502 0.218319 2 0.135758 0.225666 2 0.160185 0.232648 2
3 0.102468 0.298031 0.194334 0.025582 0.005301 0.309812 2 0.060197 0.310822 2 0.111470 0.307888 2 0.158443 0.298979 2 0.199635 0.285240 2
1 0.233553 0.227740 0.051690 0.092633 0.207708 0.274057 2 0.222488 0.251464 2 0.235336 0.228617 2 0.250231 0.204569 2 0.259398 0.181424 2
2 0.321354 0.191188 0.200023 0.158764 0.221343 0.270570 2 0.275388 0.233137 2 0.323611 0.197439 2 0.373472 0.158432 2 0.421366 0.111806 2
1 0.324682 0.212409 0.048762 0.032156 0.300301 0.228487 2 0.315289 0.221693 2 0.326360 0.214112 2 0.339363 0.205764 2 0.349062 0.196331 2
1 0.279968 0.197656 0.040226 0.011597 0.259855 0.203455 2 0.272222 0.201007 2 0.281354 0.198273 2 0.292083 0.195260 2 0.300081 0.191858 2
2 0.053160 0.328121 0.095984 0.026756 0.005168 0.341499 2 0.030313 0.334560 2 0.053692 0.328006 2 0.076007 0.321681 2 0.101152 0.314742 2
1 0.973073 0.238656 0.051782 0.028134 0.998964 0.252723 2 0.981366 0.247170 2 0.967674 0.240379 2 0.955729 0.231661 2 0.947182 0.224589 2
