3 0.371571 0.162717 0.024149 0.060376 0.359497 0.192905 2 0.368050 0.177494 2 0.376603 0.162841 2 0.380127 0.148189 2 0.383646 0.132529 2
3 0.327662 0.160830 0.033484 0.056603 0.344404 0.189132 2 0.336580 0.177390 2 0.329763 0.164146 2 0.319977 0.148591 2 0.310920 0.132529 2
2 0.323498 0.185736 0.024705 0.016855 0.335851 0.194164 2 0.329676 0.189763 2 0.323501 0.185648 2 0.317321 0.181710 2 0.311146 0.177309 2
3 0.319737 0.198566 0.030214 0.011322 0.334844 0.204227 2 0.326771 0.201389 2 0.320203 0.198455 2 0.310168 0.195304 2 0.304630 0.192905 2
3 0.719401 0.157237 0.113455 0.115197 0.662674 0.214835 2 0.706580 0.189615 2 0.732228 0.161181 2 0.754392 0.132801 2 0.776128 0.099638 2
2 0.744786 0.043995 0.063553 0.082595 0.776563 0.085292 2 0.752627 0.064980 2 0.737240 0.044575 2 0.728900 0.024268 2 0.713009 0.002697 2
0 0.620177 0.939222 0.003131 0.107512 0.621742 0.992977 2 0.619861 0.955611 2 0.618611 0.920538 2 0.619236 0.885466 2 0.0 0.0 0
0 0.606936 0.440838 0.174149 0.851160 0.602066 0.866418 2 0.519861 0.564708 2 0.621175 0.280969 2 0.694010 0.015258 2 0.0 0.0 0
0 0.506340 0.539818 0.293351 0.666319 0.653015 0.872977 2 0.594172 0.650611 2 0.473455 0.428093 2 0.359664 0.206658 2 0.0 0.0 0
3 0.398918 0.862956 0.308345 0.040321 0.553090 0.861574 2 0.469051 0.872604 2 0.382928 0.883116 2 0.307338 0.870258 2 0.244745 0.842795 2
2 0.144589 0.780829 0.180405 0.116646 0.234792 0.839152 2 0.175926 0.820281 2 0.123576 0.788197 2 0.085723 0.756233 2 0.054387 0.722506 2
2 0.389835 0.819372 0.486869 0.045208 0.633270 0.809809 2 0.515718 0.827037 2 0.391644 0.841976 2 0.258154 0.830622 2 0.146400 0.796768 2
3 0.775477 0.744514 0.154682 0.140903 0.698137 0.814965 2 0.766927 0.784488 2 0.805428 0.749980 2 0.834902 0.711334 2 0.852818 0.674063 2
3 0.687439 0.676568 0.198154 0.118079 0.588362 0.735608 2 0.662228 0.713825 2 0.719566 0.689459 2 0.761360 0.654797 2 0.786516 0.617529 2
2 0.604876 0.623090 0.101973 0.022737 0.553889 0.634459 2 0.578605 0.628652 2 0.602905 0.622630 2 0.626956 0.616484 2 0.655862 0.611722 2
1 0.682023 0.608100 0.049520 0.012526 0.657263 0.614363 2 0.670955 0.611620 2 0.683553 0.608721 2 0.697245 0.605292 2 0.706782 0.601837 2
3 0.461652 0.748098 0.317737 0.048284 0.620521 0.769962 2 0.529554 0.772240 2 0.444392 0.766681 2 0.380307 0.752020 2 0.302784 0.723955 2
3 0.183050 0.675851 0.229433 0.093356 0.297766 0.722529 2 0.231348 0.704928 2 0.181539 0.686777 2 0.131227 0.662627 2 0.068333 0.629172 2
3 0.426062 0.681095 0.327043 0.051519 0.589583 0.698377 2 0.502541 0.706855 2 0.406441 0.704418 2 0.327951 0.685411 2 0.262541 0.655336 2
3 0.397442 0.491694 0.188368 0.234054 0.491626 0.608721 2 0.427870 0.563206 2 0.380775 0.501739 2 0.343102 0.443819 2 0.303258 0.374667 2
