2 0.861866 0.597005 0.269971 0.074809 0.726881 0.634410 2 0.790949 0.607300 2 0.854317 0.581884 2 0.916840 0.569314 2 0.996852 0.559601 2
3 0.854870 0.791223 0.284034 0.340605 0.996887 0.961525 2 0.848941 0.905816 2 0.756840 0.824201 2 0.712853 0.716852 2 0.713536 0.620920 2
1 0.711013 0.481552 0.034769 0.084274 0.728397 0.523689 2 0.722841 0.502104 2 0.714155 0.480362 2 0.701435 0.460286 2 0.693628 0.439416 2
3 0.859705 0.597681 0.269780 0.144881 0.994595 0.670122 2 0.920156 0.643736 2 0.848900 0.613900 2 0.783958 0.573128 2 0.724815 0.525240 2
3 0.784580 0.512795 0.422078 0.145370 0.995619 0.585480 2 0.848449 0.573139 2 0.729109 0.535127 2 0.648756 0.491441 2 0.573542 0.440110 2
3 0.858189 0.345765 0.270347 0.116704 0.993362 0.404117 2 0.927552 0.374705 2 0.862552 0.346956 2 0.793073 0.317104 2 0.723015 0.287413 2
1 0.522384 0.070229 0.010185 0.134890 0.527477 0.137674 2 0.525133 0.104679 2 0.521273 0.069774 2 0.518466 0.036780 2 0.517292 0.002784 2
2 0.542650 0.172863 0.027037 0.060032 0.556169 0.202879 2 0.549410 0.187202 2 0.542650 0.172555 2 0.535891 0.158527 2 0.529132 0.142847 2
3 0.643151 0.244258 0.181730 0.066942 0.734016 0.277729 2 0.691597 0.262503 2 0.648304 0.246076 2 0.600498 0.228067 2 0.552286 0.210787 2
1 0.458362 0.182948 0.156493 0.183924 0.536609 0.274910 2 0.500093 0.228443 2 0.459230 0.181968 2 0.423582 0.134630 2 0.380116 0.090987 2
3 0.741646 0.312989 0.489716 0.084925 0.986505 0.355451 2 0.849606 0.348764 2 0.724473 0.329925 2 0.609763 0.305304 2 0.496788 0.270527 2
2 0.990226 0.266182 0.009664 0.139499 0.991435 0.335932 2 0.985394 0.299132 2 0.986001 0.263808 2 0.990226 0.232025 2 0.995058 0.196432 2
2 0.971363 0.195117 0.052240 0.085530 0.997483 0.237882 2 0.980637 0.215833 2 0.968455 0.194968 2 0.958304 0.174690 2 0.945243 0.152352 2
3 0.818773 0.172843 0.351713 0.100842 0.994630 0.223264 2 0.897054 0.207894 2 0.804936 0.182422 2 0.724803 0.153808 2 0.642917 0.122422 2
1 0.921661 0.118197 0.153912 0.048657 0.998617 0.142526 2 0.945220 0.134560 2 0.902963 0.124016 2 0.869936 0.109135 2 0.844705 0.093869 2
1 0.910761 0.044404 0.174878 0.085556 0.998200 0.087182 2 0.941586 0.065964 2 0.893252 0.044786 2 0.852465 0.022940 2 0.823322 0.001626 2
2 0.899439 0.074592 0.195845 0.038594 0.997361 0.093889 2 0.945885 0.090310 2 0.895666 0.081942 2 0.842512 0.069569 2 0.801516 0.055295 2
3 0.945975 0.019052 0.092402 0.033354 0.992176 0.035729 2 0.970000 0.027639 2 0.952679 0.020501 2 0.922147 0.010252 2 0.899774 0.002376 2
3 0.977541 0.014321 0.041319 0.025385 0.998200 0.027014 2 0.985810 0.021389 2 0.975098 0.015854 2 0.963171 0.007902 2 0.956881 0.001629 2
3 0.090182 0.573119 0.175538 0.021470 0.002413 0.583854 2 0.049549 0.575590 2 0.090075 0.570344 2 0.136968 0.565367 2 0.177951 0.562384 2
3 0.119650 0.511804 0.234797 0.102254 0.002251 0.562931 2 0.068588 0.540292 2 0.136198 0.512402 2 0.183194 0.488857 2 0.237049 0.460677 2
1 0.163119 0.250088 0.128090 0.003099 0.099074 0.248539 2 0.134311 0.249638 2 0.166105 0.251638 2 0.192969 0.251073 2 0.227164 0.250272 2
1 0.182086 0.221246 0.136719 0.042613 0.113727 0.242552 2 0.155775 0.242025 2 0.194016 0.228116 2 0.220503 0.216458 2 0.250446 0.199939 2
1 0.111021 0.232567 0.108628 0.040932 0.056707 0.253032 2 0.066047 0.238464 2 0.100098 0.229164 2 0.131198 0.225680 2 0.165336 0.212101 2
1 0.169800 0.195940 0.121626 0.057917 0.108987 0.224899 2 0.143490 0.209488 2 0.174601 0.195579 2 0.200249 0.183501 2 0.230613 0.166982 2
1 0.089297 0.169423 0.011071 0.104771 0.094832 0.221808 2 0.089369 0.193073 2 0.087135 0.167888 2 0.084722 0.144933 2 0.083762 0.117037 2
1 0.044175 0.190344 0.010735 0.098275 0.038808 0.239482 2 0.041308 0.213681 2 0.044948 0.189543 2 0.048825 0.166169 2 0.049543 0.141207 2
2 0.040541 0.244569 0.077020 0.029832 0.002031 0.259485 2 0.022274 0.251907 2 0.040995 0.244514 2 0.058814 0.237228 2 0.079051 0.229653 2
2 0.065544 0.257229 0.125440 0.058105 0.002824 0.286282 2 0.035793 0.271522 2 0.066285 0.257121 2 0.095301 0.242937 2 0.128264 0.228177 2
