2 0.556030 0.455464 0.124861 0.054337 0.493600 0.428296 2 0.526175 0.442240 2 0.553756 0.454696 2 0.583472 0.468275 2 0.618461 0.482633 2
2 0.511722 0.454870 0.056453 0.046632 0.483495 0.431554 2 0.501846 0.442135 2 0.517859 0.452619 2 0.528351 0.465463 2 0.539948 0.478186 2
3 0.463845 0.430237 0.042691 0.005145 0.442500 0.432810 2 0.453362 0.430723 2 0.464080 0.429838 2 0.473420 0.429036 2 0.485191 0.427665 2
2 0.683909 0.518481 0.052089 0.043837 0.657865 0.496562 2 0.671123 0.507749 2 0.683252 0.517746 2 0.696412 0.528527 2 0.709954 0.540399 2
3 0.533869 0.486781 0.246916 0.015703 0.410411 0.479071 2 0.475440 0.478929 2 0.530017 0.487248 2 0.589375 0.490093 2 0.657326 0.494633 2
3 0.305871 0.497734 0.085284 0.005984 0.348513 0.500726 2 0.327436 0.495460 2 0.308223 0.494742 2 0.285961 0.495124 2 0.263229 0.496756 2
2 0.555883 0.563271 0.073339 0.060570 0.519213 0.532986 2 0.537882 0.548443 2 0.554965 0.562257 2 0.573490 0.577153 2 0.592552 0.593556 2
3 0.454699 0.522617 0.124352 0.014609 0.392523 0.515313 2 0.425266 0.516366 2 0.455017 0.518316 2 0.485347 0.523235 2 0.516875 0.529922 2
3 0.243119 0.540924 0.154294 0.018307 0.320266 0.550078 2 0.280752 0.544123 2 0.244653 0.539479 2 0.207899 0.535645 2 0.165972 0.531771 2
3 0.059838 0.526872 0.111181 0.008449 0.004248 0.531097 2 0.030365 0.528623 2 0.057755 0.525515 2 0.083918 0.522648 2 0.115428 0.523585 2
3 0.057257 0.375898 0.100752 0.011102 0.006881 0.378588 2 0.033727 0.381450 2 0.060145 0.381377 2 0.086071 0.376933 2 0.107633 0.370347 2
3 0.025611 0.250035 0.043084 0.003692 0.004068 0.251774 2 0.015706 0.250917 2 0.027755 0.251881 2 0.037529 0.250709 2 0.047153 0.248189 2
1 0.160897 0.202125 0.164051 0.070651 0.078872 0.237451 2 0.127703 0.220712 2 0.168634 0.203903 2 0.210069 0.185660 2 0.242922 0.166800 2
2 0.181317 0.195781 0.235932 0.098918 0.063351 0.245240 2 0.139867 0.231212 2 0.199722 0.210984 2 0.252951 0.182086 2 0.299282 0.146322 2
2 0.697677 0.256324 0.067425 0.043736 0.663964 0.234456 2 0.676765 0.246589 2 0.691487 0.258663 2 0.707662 0.270003 2 0.731389 0.278192 2
2 0.702827 0.240169 0.007425 0.024071 0.703802 0.228134 2 0.701250 0.235179 2 0.699115 0.241589 2 0.702170 0.246542 2 0.706539 0.252205 2
1 0.642474 0.246717 0.032101 0.016050 0.626424 0.254742 2 0.637367 0.250992 2 0.645220 0.246933 2 0.651782 0.243325 2 0.658524 0.238692 2
2 0.619902 0.216797 0.000243 0.022697 0.620023 0.228145 2 0.619965 0.222219 2 0.619902 0.216681 2 0.619844 0.211374 2 0.619780 0.205448 2
3 0.563808 0.203394 0.001470 0.013102 0.564543 0.209945 2 0.563073 0.206470 2 0.563929 0.203377 2 0.563073 0.200038 2 0.563073 0.196843 2
3 0.468249 0.259653 0.121916 0.008252 0.529207 0.255527 2 0.492049 0.260069 2 0.468287 0.263339 2 0.436528 0.263779 2 0.407292 0.260819 2
1 0.392616 0.258132 0.053877 0.033313 0.419554 0.274789 2 0.400527 0.266670 2 0.387731 0.257746 2 0.374769 0.249627 2 0.365677 0.241476 2
1 0.393834 0.224462 0.047170 0.041782 0.417419 0.245353 2 0.402957 0.235055 2 0.390654 0.224019 2 0.379809 0.214887 2 0.370249 0.203571 2
1 0.479847 0.188352 0.064404 0.084025 0.512049 0.230365 2 0.490579 0.209731 2 0.473027 0.187905 2 0.458380 0.167271 2 0.447645 0.146340 2
1 0.457867 0.196008 0.098270 0.038458 0.507002 0.215237 2 0.473519 0.208342 2 0.447014 0.198108 2 0.425116 0.186360 2 0.408733 0.176780 2
1 0.781736 0.644538 0.069988 0.013249 0.746742 0.651163 2 0.766053 0.646314 2 0.783507 0.643487 2 0.800012 0.640651 2 0.816730 0.637914 2
2 0.719256 0.629962 0.121406 0.070486 0.658553 0.629569 2 0.678241 0.657402 2 0.724039 0.665205 2 0.753953 0.635061 2 0.779959 0.594719 2
3 0.506866 0.604395 0.292772 0.047564 0.360480 0.581727 2 0.434664 0.580613 2 0.506794 0.596114 2 0.578304 0.618325 2 0.653252 0.628177 2
2 0.609190 0.748439 0.006377 0.057306 0.606001 0.719786 2 0.610804 0.734633 2 0.609219 0.748736 2 0.610729 0.762124 2 0.612378 0.777092 2
3 0.581100 0.694942 0.063472 0.043275 0.549363 0.673304 2 0.560150 0.684939 2 0.575816 0.695107 2 0.592095 0.707567 2 0.612836 0.716580 2
3 0.457130 0.663812 0.276667 0.019389 0.318796 0.657497 2 0.387442 0.654117 2 0.446997 0.663082 2 0.515990 0.670952 2 0.595463 0.673507 2
1 0.078021 0.610852 0.079826 0.012023 0.117934 0.616863 2 0.096499 0.613547 2 0.074844 0.610179 2 0.055376 0.607593 2 0.038108 0.604841 2
2 0.185909 0.635945 0.131771 0.036797 0.251794 0.654343 2 0.223883 0.639777 2 0.191667 0.631343 2 0.159572 0.623953 2 0.120023 0.617546 2
0 0.358663 0.515106 0.418090 0.586999 0.149618 0.808605 2 0.310712 0.616918 2 0.429531 0.412245 2 0.567708 0.221606 2 0.0 0.0 0
0 0.041820 0.762833 0.070179 0.062002 0.076910 0.793834 2 0.052350 0.773449 2 0.029213 0.751916 2 0.006730 0.731832 2 0.0 0.0 0
0 0.091238 0.865946 0.003785 0.106366 0.093131 0.919129 2 0.090862 0.882161 2 0.089346 0.847462 2 0.090104 0.812763 2 0.0 0.0 0
2 0.660576 0.299641 0.066545 0.027888 0.627303 0.285697 2 0.645816 0.291111 2 0.664867 0.296597 2 0.684358 0.302561 2 0.693848 0.313585 2
2 0.745313 0.274489 0.031273 0.018047 0.729676 0.283513 2 0.743137 0.279421 2 0.750075 0.276169 2 0.757465 0.271467 2 0.760949 0.265466 2
2 0.274751 0.335845 0.272060 0.026354 0.410781 0.334068 2 0.349479 0.348183 2 0.284149 0.349022 2 0.211539 0.340668 2 0.138721 0.322668 2
3 0.444572 0.332451 0.048912 0.011568 0.469028 0.338235 2 0.459120 0.333938 2 0.447002 0.331166 2 0.434196 0.329068 2 0.420116 0.326667 2
3 0.430353 0.340770 0.017836 0.008385 0.439271 0.344962 2 0.433229 0.342211 2 0.428814 0.339959 2 0.424867 0.338316 2 0.421435 0.336577 2
2 0.381305 0.287043 0.071302 0.091499 0.416956 0.332792 2 0.388866 0.313003 2 0.366811 0.290813 2 0.354421 0.267720 2 0.345654 0.241293 2
3 0.640194 0.283134 0.165735 0.005174 0.557326 0.284855 2 0.594323 0.280547 2 0.638096 0.281487 2 0.678328 0.283686 2 0.723061 0.285720 2
2 0.814317 0.229384 0.200313 0.134265 0.714161 0.289699 2 0.793681 0.296516 2 0.855394 0.265292 2 0.888947 0.221453 2 0.914473 0.162251 2
2 0.752772 0.281013 0.043275 0.004861 0.731134 0.283443 2 0.744294 0.282677 2 0.755903 0.281548 2 0.764045 0.280231 2 0.774410 0.278582 2
2 0.097378 0.535690 0.130556 0.005425 0.162656 0.537567 2 0.128953 0.538403 2 0.096470 0.536973 2 0.064387 0.533860 2 0.032101 0.532977 2
1 0.123209 0.547862 0.223061 0.018553 0.234740 0.553142 2 0.173200 0.557138 2 0.115394 0.554375 2 0.064578 0.546725 2 0.011678 0.538585 2
1 0.138275 0.551881 0.114201 0.024404 0.195376 0.539679 2 0.163825 0.546163 2 0.137014 0.552159 2 0.109763 0.558032 2 0.081175 0.564083 2
1 0.211004 0.536678 0.155133 0.099809 0.288571 0.586583 2 0.241892 0.560396 2 0.198918 0.536146 2 0.161395 0.511218 2 0.133438 0.486774 2
2 0.229878 0.510580 0.180752 0.025391 0.320255 0.497885 2 0.276626 0.507526 2 0.233310 0.514482 2 0.186331 0.518287 2 0.139502 0.523275 2
3 0.083267 0.703676 0.153640 0.058533 0.006447 0.674410 2 0.056128 0.687159 2 0.103617 0.701296 2 0.147222 0.712176 2 0.160087 0.732943 2
2 0.148232 0.763048 0.018860 0.049852 0.157662 0.738122 2 0.153825 0.750833 2 0.148090 0.763299 2 0.143825 0.774968 2 0.138802 0.787975 2
1 0.211458 0.777902 0.100845 0.025422 0.161036 0.790613 2 0.189531 0.785330 2 0.218119 0.778715 2 0.241105 0.771748 2 0.261881 0.765191 2
1 0.164638 0.792629 0.072043 0.010379 0.128617 0.796970 2 0.147801 0.797818 2 0.168513 0.796073 2 0.185399 0.791626 2 0.200660 0.787439 2
3 0.200489 0.828579 0.258466 0.063426 0.071256 0.796866 2 0.122685 0.819748 2 0.185203 0.845240 2 0.258501 0.858915 2 0.329722 0.860292 2
3 0.079349 0.638662 0.151603 0.032329 0.003547 0.622497 2 0.039248 0.633938 2 0.072766 0.645017 2 0.114624 0.652839 2 0.155150 0.654826 2
2 0.154523 0.679799 0.011071 0.045686 0.157193 0.656956 2 0.160058 0.669439 2 0.156568 0.680255 2 0.155145 0.690888 2 0.148987 0.702642 2
3 0.109769 0.674718 0.207118 0.044511 0.213328 0.696973 2 0.163756 0.682214 2 0.110880 0.669815 2 0.060712 0.658432 2 0.006209 0.652462 2
2 0.127922 0.666929 0.053252 0.215188 0.154549 0.559334 2 0.136152 0.607908 2 0.118576 0.657734 2 0.116256 0.711467 2 0.101296 0.774523 2
2 0.101976 0.749460 0.127807 0.071317 0.038073 0.713802 2 0.079456 0.728550 2 0.105382 0.746380 2 0.133333 0.765370 2 0.165880 0.785119 2
2 0.291291 0.793014 0.207778 0.015142 0.187402 0.793880 2 0.240214 0.800119 2 0.291887 0.800584 2 0.346534 0.793293 2 0.395179 0.785443 2
3 0.638756 0.234488 0.118981 0.019988 0.579265 0.244482 2 0.604774 0.238093 2 0.636366 0.233119 2 0.665718 0.229117 2 0.698247 0.224494 2
3 0.595752 0.252898 0.069086 0.025547 0.561209 0.264725 2 0.587975 0.265671 2 0.608247 0.257344 2 0.619566 0.248733 2 0.630295 0.240124 2
3 0.304829 0.409463 0.131568 0.043782 0.370613 0.431354 2 0.329826 0.423102 2 0.293802 0.415133 2 0.262072 0.403938 2 0.239045 0.387572 2
3 0.146950 0.398734 0.189502 0.020720 0.241701 0.403192 2 0.196788 0.409094 2 0.142998 0.407581 2 0.096846 0.400694 2 0.052199 0.388374 2
3 0.580599 0.354789 0.123953 0.023709 0.518623 0.342934 2 0.551840 0.344334 2 0.583194 0.352179 2 0.612674 0.358620 2 0.642575 0.366644 2
2 0.674878 0.404728 0.064375 0.064172 0.642691 0.372642 2 0.648148 0.393475 2 0.649155 0.415845 2 0.672159 0.434661 2 0.707066 0.436814 2
2 0.627086 0.383584 0.036128 0.041328 0.609022 0.362920 2 0.609236 0.374433 2 0.614612 0.386531 2 0.623929 0.398012 2 0.645150 0.404248 2
3 0.627488 0.332371 0.196123 0.027005 0.529427 0.318869 2 0.575324 0.332847 2 0.621262 0.343206 2 0.673918 0.345874 2 0.725550 0.338594 2
3 0.385987 0.369191 0.103547 0.009256 0.437760 0.365156 2 0.409201 0.364563 2 0.383924 0.366820 2 0.360417 0.370208 2 0.334213 0.373819 2
2 0.258874 0.352765 0.143073 0.052885 0.330411 0.372839 2 0.281279 0.379207 2 0.229288 0.372245 2 0.197784 0.351953 2 0.187338 0.326322 2
