3 0.500243 0.928352 0.185382 0.080558 0.407552 0.888073 2 0.456331 0.908302 2 0.499427 0.929233 2 0.540683 0.951100 2 0.592934 0.968631 2
3 0.475058 0.824394 0.094074 0.028764 0.428021 0.838776 2 0.450382 0.830859 2 0.475064 0.824757 2 0.499583 0.817046 2 0.522095 0.810012 2
3 0.569795 0.783427 0.076881 0.037161 0.531354 0.802008 2 0.549624 0.791780 2 0.569797 0.783895 2 0.589838 0.773932 2 0.608235 0.764847 2
3 0.585414 0.813993 0.111383 0.005527 0.529722 0.816756 2 0.556939 0.816612 2 0.584404 0.815503 2 0.613999 0.813261 2 0.641105 0.811230 2
1 0.808576 0.787609 0.370440 0.034453 0.623356 0.804835 2 0.706962 0.783799 2 0.803935 0.774838 2 0.900469 0.772164 2 0.993796 0.770382 2
1 0.498559 0.751725 0.071771 0.113183 0.534444 0.808316 2 0.511736 0.780642 2 0.491609 0.750880 2 0.474635 0.723084 2 0.462674 0.695133 2
2 0.719514 0.662257 0.264444 0.191308 0.587292 0.757911 2 0.588374 0.695851 2 0.657569 0.642593 2 0.765156 0.601134 2 0.851736 0.566603 2
2 0.430509 0.977626 0.279282 0.023880 0.570150 0.965686 2 0.502639 0.978342 2 0.437639 0.981389 2 0.367188 0.988232 2 0.290868 0.989566 2
3 0.605628 0.641377 0.253443 0.000208 0.478906 0.641481 2 0.539144 0.641424 2 0.605637 0.641380 2 0.671707 0.641325 2 0.732350 0.641273 2
3 0.874468 0.577415 0.224826 0.098111 0.762054 0.626470 2 0.815492 0.599465 2 0.874473 0.578649 2 0.933084 0.552350 2 0.986881 0.528359 2
1 0.760263 0.516535 0.059034 0.180854 0.730747 0.606962 2 0.760185 0.563362 2 0.781944 0.516450 2 0.789780 0.463177 2 0.781001 0.426108 2
2 0.880851 0.674667 0.228507 0.068432 0.766597 0.640451 2 0.819531 0.661641 2 0.879803 0.684277 2 0.933084 0.696427 2 0.995104 0.708883 2
2 0.593252 0.513744 0.182419 0.020295 0.502043 0.522002 2 0.551007 0.523892 2 0.602593 0.517002 2 0.640307 0.510168 2 0.684462 0.503597 2
1 0.780292 0.487681 0.176985 0.032948 0.691800 0.504155 2 0.736574 0.500446 2 0.780411 0.492352 2 0.825382 0.483490 2 0.868785 0.471207 2
3 0.597975 0.165762 0.073912 0.019274 0.561019 0.175399 2 0.577170 0.170608 2 0.595046 0.165347 2 0.612778 0.160101 2 0.634931 0.156126 2
3 0.686852 0.145786 0.325833 0.007595 0.523935 0.145133 2 0.596238 0.141988 2 0.675174 0.144760 2 0.754861 0.149583 2 0.849769 0.149138 2
3 0.926554 0.080100 0.134230 0.136670 0.859439 0.148435 2 0.887124 0.116157 2 0.918709 0.080648 2 0.949404 0.044630 2 0.993669 0.011765 2
3 0.863819 0.199141 0.120706 0.063507 0.803466 0.167387 2 0.832251 0.181811 2 0.861019 0.199126 2 0.890376 0.214138 2 0.924172 0.230894 2
2 0.961224 0.217266 0.070874 0.014554 0.925787 0.224543 2 0.944311 0.220749 2 0.961597 0.217193 2 0.978137 0.213782 2 0.996661 0.209988 2
3 0.713409 0.101628 0.174676 0.044170 0.626071 0.123712 2 0.646134 0.108704 2 0.686863 0.090362 2 0.740353 0.082616 2 0.800747 0.079543 2
2 0.771513 0.088543 0.130816 0.082538 0.836921 0.129812 2 0.804219 0.108255 2 0.771510 0.088119 2 0.738808 0.068831 2 0.706105 0.047274 2
1 0.770014 0.062253 0.041082 0.060576 0.790556 0.092541 2 0.777535 0.077729 2 0.767766 0.062057 2 0.757998 0.047245 2 0.749473 0.031965 2
1 0.823099 0.091060 0.315839 0.054476 0.665179 0.118299 2 0.751713 0.113576 2 0.828397 0.105119 2 0.903594 0.087130 2 0.981019 0.063822 2
2 0.737578 0.039747 0.027784 0.074754 0.723686 0.077124 2 0.733877 0.057595 2 0.739462 0.039282 2 0.743796 0.021398 2 0.751470 0.002370 2
3 0.800260 0.127093 0.104838 0.011427 0.747841 0.132807 2 0.772176 0.130544 2 0.797286 0.128333 2 0.823194 0.125758 2 0.852679 0.121380 2
2 0.954826 0.106296 0.084641 0.017187 0.912506 0.114890 2 0.934624 0.110411 2 0.955272 0.106212 2 0.975029 0.102182 2 0.997147 0.097703 2
2 0.951589 0.091276 0.059369 0.036736 0.921904 0.109644 2 0.943009 0.101204 2 0.959780 0.091444 2 0.972627 0.082358 2 0.981273 0.072908 2
2 0.860284 0.110093 0.031065 0.044120 0.844751 0.132153 2 0.847946 0.119520 2 0.856360 0.108915 2 0.866800 0.098626 2 0.875816 0.088032 2
3 0.155940 0.953479 0.289358 0.033365 0.300619 0.936797 2 0.237512 0.957995 2 0.160052 0.965822 2 0.085179 0.970162 2 0.011262 0.964502 2
3 0.152471 0.918045 0.275613 0.009343 0.290278 0.913374 2 0.230851 0.918200 2 0.156834 0.921105 2 0.085289 0.922717 2 0.014664 0.920616 2
3 0.286345 0.819907 0.078559 0.034097 0.325625 0.802859 2 0.299792 0.811725 2 0.279225 0.817364 2 0.264664 0.827784 2 0.247066 0.836956 2
2 0.120483 0.889754 0.227969 0.092616 0.234468 0.843446 2 0.176476 0.866317 2 0.120023 0.889624 2 0.064491 0.913192 2 0.006499 0.936062 2
2 0.113802 0.866940 0.224444 0.050229 0.226024 0.841826 2 0.176910 0.859219 2 0.118403 0.876253 2 0.061383 0.886791 2 0.001580 0.892054 2
3 0.234847 0.703348 0.113582 0.027025 0.291638 0.716861 2 0.266684 0.711377 2 0.236042 0.704222 2 0.206597 0.697179 2 0.178056 0.689835 2
3 0.087555 0.681811 0.165770 0.020856 0.170440 0.691942 2 0.132454 0.692240 2 0.086262 0.688579 2 0.043808 0.680992 2 0.004670 0.671383 2
3 0.193701 0.593874 0.210307 0.037998 0.298854 0.612873 2 0.251453 0.601684 2 0.197587 0.590365 2 0.140075 0.584630 2 0.088547 0.574876 2
3 0.049126 0.598131 0.088345 0.027459 0.093299 0.584401 2 0.067459 0.593267 2 0.046898 0.598909 2 0.029543 0.605483 2 0.004954 0.611861 2
3 0.042639 0.579876 0.079618 0.009971 0.082448 0.574890 2 0.059161 0.578111 2 0.040631 0.580159 2 0.024988 0.582546 2 0.002830 0.584861 2
2 0.017494 0.615249 0.029352 0.009855 0.032170 0.610321 2 0.026389 0.613953 2 0.018108 0.616623 2 0.010694 0.618466 2 0.002818 0.620177 2
3 0.234962 0.473346 0.449207 0.126774 0.459566 0.444447 2 0.368536 0.496157 2 0.223472 0.536733 2 0.101962 0.473559 2 0.010359 0.409959 2
3 0.254378 0.408137 0.096684 0.062234 0.302720 0.439253 2 0.281476 0.426626 2 0.255394 0.410148 2 0.230330 0.393929 2 0.206036 0.377020 2
3 0.105139 0.394229 0.202025 0.005339 0.206152 0.396166 2 0.161678 0.394502 2 0.108472 0.396898 2 0.059942 0.393796 2 0.004126 0.391560 2
3 0.256065 0.321034 0.488310 0.065078 0.500220 0.288495 2 0.390336 0.308212 2 0.286817 0.334259 2 0.157280 0.348264 2 0.011910 0.353573 2
2 0.017694 0.349191 0.029936 0.072474 0.032662 0.385428 2 0.026123 0.366502 2 0.018322 0.348817 2 0.010527 0.331881 2 0.002726 0.312954 2
2 0.067216 0.291509 0.129306 0.104117 0.131869 0.343568 2 0.091609 0.318261 2 0.058918 0.294427 2 0.029144 0.268646 2 0.002564 0.239450 2
3 0.215240 0.290016 0.132633 0.028874 0.281557 0.304453 2 0.252419 0.298597 2 0.216638 0.290949 2 0.182257 0.283423 2 0.148924 0.275579 2
3 0.168753 0.216084 0.170179 0.021461 0.253843 0.226814 2 0.216406 0.217937 2 0.171389 0.213495 2 0.119109 0.205353 2 0.083663 0.219117 2
3 0.076921 0.222494 0.149132 0.012512 0.151487 0.216238 2 0.117865 0.221149 2 0.081765 0.225576 2 0.039236 0.228750 2 0.002355 0.224896 2
3 0.185148 0.195370 0.044230 0.017072 0.163032 0.203906 2 0.173038 0.199905 2 0.184109 0.195515 2 0.195087 0.191134 2 0.207263 0.186834 2
3 0.377827 0.212594 0.121279 0.009748 0.317188 0.217468 2 0.345666 0.216178 2 0.374381 0.213108 2 0.402876 0.210043 2 0.438466 0.207720 2
3 0.223649 0.099264 0.432760 0.138845 0.440029 0.168686 2 0.324508 0.153116 2 0.224039 0.132402 2 0.114091 0.085020 2 0.007269 0.029841 2
3 0.395298 0.140163 0.149138 0.015900 0.469867 0.132214 2 0.436244 0.137121 2 0.400139 0.141551 2 0.357610 0.144722 2 0.320729 0.148113 2
3 0.099615 0.106328 0.091869 0.015058 0.145550 0.112468 2 0.122604 0.113857 2 0.097419 0.112341 2 0.074306 0.108235 2 0.053681 0.098799 2
2 0.023834 0.094353 0.044890 0.013585 0.046279 0.101146 2 0.035058 0.097598 2 0.023837 0.094282 2 0.012610 0.091108 2 0.001389 0.087561 2
2 0.008770 0.094919 0.012332 0.000122 0.014936 0.094980 2 0.011852 0.094948 2 0.008767 0.094919 2 0.005683 0.094890 2 0.002604 0.094858 2
2 0.094537 0.120571 0.024201 0.011409 0.106638 0.114867 2 0.100399 0.117694 2 0.094450 0.120561 2 0.088675 0.123449 2 0.082436 0.126276 2
3 0.147318 0.062866 0.147216 0.017439 0.220926 0.071586 2 0.185399 0.059644 2 0.154676 0.062905 2 0.119485 0.061065 2 0.073709 0.054146 2
2 0.066334 0.031976 0.124311 0.047541 0.128490 0.055747 2 0.080810 0.051632 2 0.052245 0.039028 2 0.029722 0.021878 2 0.004178 0.008206 2
2 0.043252 0.012248 0.046053 0.022124 0.020226 0.023310 2 0.036146 0.018030 2 0.046649 0.012503 2 0.056910 0.006953 2 0.066279 0.001186 2
3 0.183600 0.142839 0.115000 0.026869 0.241100 0.156273 2 0.219230 0.147376 2 0.186863 0.138015 2 0.156308 0.133006 2 0.126100 0.129404 2
2 0.059546 0.141929 0.114635 0.001345 0.116863 0.141256 2 0.087940 0.142601 2 0.059369 0.142387 2 0.030799 0.142185 2 0.002228 0.141956 2
1 0.006672 0.153650 0.009433 0.040830 0.001956 0.174065 2 0.002755 0.163828 2 0.005573 0.153270 2 0.008131 0.143273 2 0.011389 0.133235 2
2 0.141461 0.126674 0.026464 0.026942 0.128229 0.128148 2 0.131603 0.140145 2 0.149821 0.136024 2 0.152488 0.124355 2 0.154693 0.113203 2
0 0.285692 0.411555 0.095191 0.655321 0.324630 0.739216 2 0.333287 0.506670 2 0.318866 0.297807 2 0.238096 0.083895 2 0.0 0.0 0
0 0.448003 0.501528 0.166354 0.985301 0.364826 0.994178 2 0.439120 0.650553 2 0.476024 0.380087 2 0.531181 0.008877 2 0.0 0.0 0
