1 0.147789 0.277529 0.290625 0.108519 0.293102 0.331788 2 0.183299 0.316852 2 0.091863 0.288122 2 0.036412 0.256241 2 0.002477 0.223270 2
1 0.223058 0.251224 0.040515 0.078791 0.243316 0.290619 2 0.229809 0.271273 2 0.219682 0.250804 2 0.209554 0.231455 2 0.202801 0.211829 2
3 0.588478 0.379693 0.805775 0.157940 0.991366 0.458663 2 0.788895 0.415752 2 0.585336 0.385865 2 0.385775 0.346817 2 0.185590 0.300723 2
2 0.207083 0.262461 0.406991 0.200315 0.410579 0.362619 2 0.283252 0.318270 2 0.186539 0.265203 2 0.105336 0.214621 2 0.003588 0.162303 2
3 0.526690 0.450399 0.230752 0.208223 0.642066 0.554511 2 0.533003 0.525859 2 0.489381 0.472509 2 0.453304 0.413139 2 0.411314 0.346288 2
3 0.823733 0.608795 0.346701 0.121670 0.997083 0.669630 2 0.886169 0.658409 2 0.788582 0.629268 2 0.709832 0.593102 2 0.650382 0.547960 2
1 0.333030 0.606868 0.062089 0.195767 0.364074 0.704751 2 0.355122 0.656678 2 0.344115 0.605972 2 0.324080 0.555859 2 0.301985 0.508984 2
2 0.398012 0.716529 0.063038 0.010992 0.429531 0.714068 2 0.412928 0.714282 2 0.401551 0.722002 2 0.381076 0.722025 2 0.366493 0.711033 2
3 0.692121 0.747216 0.610376 0.115885 0.997309 0.804036 2 0.805995 0.805159 2 0.638154 0.785041 2 0.505174 0.743027 2 0.386933 0.689274 2
1 0.078160 0.327444 0.008079 0.121606 0.075723 0.388247 2 0.082199 0.356467 2 0.078814 0.324650 2 0.076082 0.295477 2 0.074120 0.266641 2
2 0.100747 0.384239 0.195000 0.051782 0.003247 0.410130 2 0.056794 0.398345 2 0.107182 0.386924 2 0.153571 0.372928 2 0.198247 0.358348 2
1 0.799170 0.092292 0.187795 0.136499 0.893067 0.160541 2 0.837425 0.124416 2 0.786128 0.088084 2 0.743530 0.056742 2 0.705272 0.024042 2
1 0.915833 0.309251 0.166076 0.052830 0.998872 0.335666 2 0.947286 0.326678 2 0.902830 0.315469 2 0.865926 0.300608 2 0.832795 0.282836 2
1 0.937575 0.236319 0.051458 0.011395 0.963304 0.230622 2 0.952459 0.235639 2 0.940203 0.240272 2 0.922361 0.242017 2 0.911846 0.237778 2
3 0.967668 0.226071 0.062130 0.005943 0.998733 0.223099 2 0.982946 0.224346 2 0.969103 0.226233 2 0.953345 0.227517 2 0.936603 0.229042 2
1 0.972205 0.188585 0.049977 0.039375 0.997193 0.168898 2 0.981672 0.179019 2 0.970764 0.189242 2 0.959826 0.199444 2 0.947216 0.208273 2
2 0.973495 0.134342 0.052373 0.020124 0.999682 0.144404 2 0.986591 0.139146 2 0.973495 0.134236 2 0.960399 0.129534 2 0.947309 0.124280 2
3 0.900304 0.134676 0.178050 0.047350 0.989329 0.158351 2 0.950231 0.152407 2 0.904120 0.141667 2 0.854525 0.125709 2 0.811279 0.111001 2
1 0.733174 0.131965 0.072957 0.032980 0.769653 0.148455 2 0.745336 0.140356 2 0.727095 0.131788 2 0.709867 0.123385 2 0.696696 0.115475 2
3 0.828139 0.145035 0.338860 0.041510 0.997569 0.165058 2 0.910278 0.165790 2 0.823987 0.160223 2 0.738709 0.145396 2 0.658709 0.124280 2
