3 0.287086 0.291047 0.183339 0.034797 0.378756 0.273649 2 0.341302 0.285382 2 0.301591 0.297781 2 0.250075 0.305625 2 0.195417 0.308446 2
3 0.166224 0.324065 0.071001 0.029977 0.174236 0.309077 2 0.148958 0.322760 2 0.130723 0.337506 2 0.178403 0.339054 2 0.201725 0.320489 2
1 0.092569 0.245868 0.155046 0.116319 0.170093 0.304028 2 0.118409 0.275466 2 0.079647 0.245249 2 0.045231 0.215961 2 0.015046 0.187708 2
1 0.263192 0.205297 0.077031 0.181617 0.224676 0.296105 2 0.265926 0.253623 2 0.291308 0.210448 2 0.300532 0.164062 2 0.301707 0.114488 2
2 0.330124 0.317601 0.127459 0.035943 0.393854 0.332772 2 0.355174 0.335573 2 0.320689 0.327025 2 0.289977 0.311502 2 0.266395 0.299630 2
1 0.550932 0.298647 0.173275 0.085894 0.464294 0.341594 2 0.518160 0.322049 2 0.560428 0.301921 2 0.601672 0.281944 2 0.637569 0.255700 2
1 0.627564 0.296547 0.269479 0.051236 0.492824 0.322164 2 0.565764 0.313649 2 0.642622 0.302769 2 0.705683 0.290284 2 0.762303 0.270929 2
2 0.102786 0.049358 0.195272 0.019034 0.005150 0.039841 2 0.054792 0.048759 2 0.106730 0.054792 2 0.148270 0.057468 2 0.200422 0.058874 2
1 0.104661 0.024129 0.060712 0.042078 0.074306 0.045168 2 0.084468 0.034187 2 0.104780 0.023666 2 0.118987 0.012977 2 0.135017 0.003090 2
3 0.225651 0.173925 0.437911 0.052815 0.006696 0.200333 2 0.130116 0.198319 2 0.239560 0.185903 2 0.338553 0.168588 2 0.444606 0.147517 2
3 0.664236 0.198231 0.334248 0.062758 0.497112 0.229609 2 0.574936 0.213446 2 0.656435 0.203492 2 0.741100 0.191363 2 0.831360 0.166852 2
1 0.592046 0.182257 0.137656 0.018148 0.660874 0.191331 2 0.620301 0.186238 2 0.584074 0.182705 2 0.552199 0.178336 2 0.523218 0.173183 2
2 0.667717 0.138906 0.037240 0.112506 0.649097 0.195159 2 0.664919 0.165058 2 0.671186 0.140666 2 0.680579 0.115272 2 0.686337 0.082653 2
3 0.900165 0.176238 0.191950 0.019271 0.804190 0.185874 2 0.854387 0.183440 2 0.905480 0.181128 2 0.957089 0.176554 2 0.996140 0.166603 2
2 0.607717 0.225661 0.137459 0.031438 0.538987 0.209942 2 0.576366 0.217153 2 0.609728 0.226328 2 0.645110 0.233918 2 0.676447 0.241380 2
3 0.383082 0.230817 0.094115 0.029685 0.430139 0.245660 2 0.403947 0.240611 2 0.376753 0.235197 2 0.359676 0.227598 2 0.336024 0.215975 2
3 0.514659 0.278668 0.060567 0.003446 0.484375 0.280391 2 0.500932 0.280211 2 0.515411 0.278096 2 0.530347 0.278027 2 0.544942 0.276944 2
3 0.499821 0.371383 0.130498 0.022251 0.434572 0.382509 2 0.468831 0.376236 2 0.500718 0.370289 2 0.534965 0.365981 2 0.565069 0.360258 2
3 0.219592 0.108328 0.431429 0.213889 0.003877 0.215272 2 0.176024 0.160275 2 0.289323 0.107954 2 0.366319 0.059549 2 0.435307 0.001383 2
3 0.979300 0.438791 0.037650 0.006539 0.960475 0.435521 2 0.969838 0.436878 2 0.980145 0.438142 2 0.989074 0.439190 2 0.998125 0.442060 2
1 0.067271 0.718385 0.129821 0.028310 0.132182 0.732541 2 0.095104 0.724925 2 0.062135 0.717176 2 0.029670 0.711071 2 0.002361 0.704230 2
3 0.226623 0.942406 0.383420 0.112486 0.034913 0.886163 2 0.109074 0.925367 2 0.195469 0.950093 2 0.300255 0.976745 2 0.418333 0.998649 2
3 0.409812 0.490647 0.086534 0.059395 0.366545 0.520344 2 0.381134 0.502543 2 0.409809 0.487535 2 0.435469 0.476256 2 0.453079 0.460949 2
2 0.417836 0.432536 0.074514 0.052352 0.455093 0.458712 2 0.431435 0.449184 2 0.415318 0.437798 2 0.397697 0.421421 2 0.380579 0.406360 2
3 0.673704 0.463730 0.525775 0.058889 0.410816 0.493174 2 0.537101 0.465987 2 0.652824 0.456082 2 0.791186 0.447824 2 0.936591 0.434285 2
3 0.678799 0.469281 0.037240 0.018961 0.660179 0.459800 2 0.671487 0.465422 2 0.682957 0.470830 2 0.691562 0.474366 2 0.697419 0.478762 2
3 0.779236 0.489162 0.150289 0.053475 0.704091 0.462425 2 0.746563 0.480035 2 0.782691 0.491693 2 0.816939 0.504427 2 0.854381 0.515900 2
3 0.970732 0.427613 0.052737 0.011181 0.944363 0.433203 2 0.959196 0.431768 2 0.973924 0.427552 2 0.984248 0.424074 2 0.997101 0.422023 2
1 0.757303 0.387866 0.021424 0.101884 0.768015 0.438808 2 0.760874 0.413791 2 0.755521 0.387321 2 0.750162 0.362303 2 0.746591 0.336924 2
3 0.925906 0.422215 0.093200 0.028863 0.879306 0.436646 2 0.902888 0.428504 2 0.926030 0.422124 2 0.949416 0.414659 2 0.972506 0.407784 2
3 0.590165 0.428125 0.311441 0.026916 0.434444 0.441583 2 0.525527 0.437740 2 0.593547 0.432462 2 0.667876 0.424647 2 0.745885 0.414667 2
1 0.269094 0.380852 0.100828 0.086641 0.319508 0.424172 2 0.271406 0.410747 2 0.246806 0.383105 2 0.230654 0.359719 2 0.218681 0.337532 2
3 0.183513 0.400475 0.328750 0.043773 0.347888 0.422361 2 0.273322 0.403854 2 0.199363 0.397494 2 0.116944 0.389398 2 0.019138 0.378588 2
0 0.356502 0.613610 0.205608 0.761681 0.253698 0.994450 2 0.325353 0.735819 2 0.372078 0.496753 2 0.459306 0.232769 2 0.0 0.0 0
3 0.378420 0.889242 0.648194 0.055961 0.054323 0.861262 2 0.184265 0.882355 2 0.335868 0.917222 2 0.510932 0.912358 2 0.702517 0.878310 2
1 0.476224 0.887656 0.315990 0.090411 0.318229 0.842451 2 0.403611 0.867396 2 0.463623 0.892671 2 0.534369 0.922749 2 0.634219 0.932862 2
3 0.398634 0.786577 0.114039 0.025156 0.341615 0.799155 2 0.369282 0.793793 2 0.395278 0.785885 2 0.425046 0.779942 2 0.455654 0.773999 2
3 0.129227 0.739842 0.252911 0.031768 0.255683 0.723958 2 0.188947 0.726493 2 0.137286 0.738001 2 0.077413 0.749256 2 0.002772 0.755726 2
3 0.680819 0.727005 0.622656 0.018999 0.369491 0.734962 2 0.528594 0.717506 2 0.683646 0.724436 2 0.853194 0.730599 2 0.992147 0.736505 2
3 0.929355 0.758668 0.029740 0.056519 0.914485 0.730408 2 0.923733 0.745949 2 0.932170 0.759823 2 0.939473 0.773041 2 0.944225 0.786927 2
2 0.743741 0.707747 0.291279 0.062347 0.598102 0.726698 2 0.669144 0.738921 2 0.752535 0.720758 2 0.823374 0.699821 2 0.889381 0.676574 2
1 0.914051 0.653712 0.038125 0.037083 0.894988 0.672254 2 0.905764 0.661837 2 0.915237 0.652497 2 0.923883 0.643440 2 0.933113 0.635171 2
3 0.551670 0.686820 0.362506 0.013507 0.370417 0.693573 2 0.463241 0.683461 2 0.556071 0.680067 2 0.643866 0.680781 2 0.732922 0.687034 2
3 0.430414 0.556017 0.097274 0.030396 0.381777 0.571215 2 0.407355 0.562662 2 0.429155 0.555871 2 0.451377 0.547925 2 0.479051 0.540819 2
2 0.660767 0.567337 0.349693 0.049372 0.485920 0.542650 2 0.559230 0.562254 2 0.645480 0.579751 2 0.740503 0.589821 2 0.835613 0.592023 2
2 0.281487 0.457779 0.109433 0.018238 0.336204 0.466898 2 0.316916 0.456403 2 0.283374 0.453927 2 0.256962 0.452240 2 0.226771 0.448660 2
