3 0.413675 0.514987 0.622824 0.077659 0.102263 0.553817 2 0.252407 0.520535 2 0.413096 0.500914 2 0.562569 0.496574 2 0.725087 0.476157 2
3 0.750501 0.464692 0.042830 0.019523 0.729086 0.474453 2 0.739983 0.468380 2 0.750069 0.464227 2 0.761551 0.458848 2 0.771916 0.454931 2
2 0.598814 0.451001 0.066817 0.086117 0.632222 0.494060 2 0.617807 0.471377 2 0.603015 0.450937 2 0.587454 0.429097 2 0.565405 0.407943 2
2 0.654835 0.456178 0.092344 0.033791 0.701007 0.473073 2 0.675301 0.466620 2 0.653038 0.457335 2 0.630174 0.448791 2 0.608663 0.439282 2
2 0.894693 0.425122 0.203889 0.071661 0.792749 0.460952 2 0.848953 0.445512 2 0.902078 0.429349 2 0.948218 0.409769 2 0.996638 0.389291 2
2 0.916534 0.444054 0.164873 0.022448 0.834097 0.455278 2 0.877714 0.451589 2 0.919601 0.447193 2 0.958559 0.441713 2 0.998970 0.432830 2
1 0.396632 0.461589 0.042639 0.053478 0.375312 0.488328 2 0.386493 0.475116 2 0.397245 0.461233 2 0.407361 0.448096 2 0.417951 0.434850 2
3 0.155023 0.442297 0.106146 0.002488 0.101950 0.441872 2 0.127541 0.443542 2 0.154925 0.442442 2 0.180399 0.442199 2 0.208096 0.441053 2
3 0.211302 0.422571 0.041296 0.021571 0.190654 0.433356 2 0.198698 0.427141 2 0.209294 0.422387 2 0.218883 0.417396 2 0.231950 0.411785 2
3 0.221675 0.408734 0.072124 0.038562 0.185613 0.428015 2 0.199659 0.416910 2 0.216400 0.408079 2 0.234919 0.399488 2 0.257737 0.389453 2
3 0.312917 0.434562 0.147130 0.031218 0.239352 0.418953 2 0.273189 0.427622 2 0.311510 0.436464 2 0.346881 0.443547 2 0.386481 0.450171 2
2 0.462870 0.415116 0.130752 0.061476 0.397494 0.445854 2 0.429664 0.428759 2 0.461481 0.413464 2 0.492575 0.399086 2 0.528247 0.384378 2
1 0.272627 0.575979 0.323750 0.024146 0.110752 0.570443 2 0.194282 0.588053 2 0.277847 0.582052 2 0.362338 0.573695 2 0.434502 0.563906 2
3 0.309268 0.213403 0.327193 0.046204 0.145671 0.194172 2 0.238501 0.190301 2 0.316892 0.199494 2 0.396713 0.219439 2 0.472865 0.236505 2
3 0.559401 0.274227 0.144161 0.057801 0.487321 0.245327 2 0.520475 0.261377 2 0.558021 0.277749 2 0.592679 0.290865 2 0.631481 0.303128 2
3 0.751829 0.214861 0.491458 0.052784 0.506100 0.236224 2 0.648212 0.241253 2 0.784491 0.237144 2 0.898675 0.214841 2 0.997558 0.188469 2
3 0.744583 0.269326 0.237662 0.060203 0.625752 0.295518 2 0.702332 0.299427 2 0.781429 0.293872 2 0.831858 0.268160 2 0.863414 0.239225 2
3 0.511108 0.106629 0.501476 0.208958 0.260370 0.002150 2 0.393605 0.049731 2 0.495446 0.106698 2 0.617593 0.165848 2 0.761846 0.211108 2
1 0.706369 0.103824 0.175503 0.095124 0.618617 0.151386 2 0.682679 0.126979 2 0.720868 0.106088 2 0.759120 0.080888 2 0.794120 0.056262 2
2 0.224618 0.044154 0.120984 0.025605 0.164126 0.031351 2 0.196302 0.037818 2 0.224068 0.045136 2 0.252847 0.051097 2 0.285110 0.056956 2
1 0.301615 0.039770 0.024977 0.030969 0.289126 0.055255 2 0.297662 0.047523 2 0.303744 0.040634 2 0.308212 0.031953 2 0.314103 0.024285 2
2 0.018970 0.055916 0.036586 0.020767 0.000677 0.066299 2 0.009676 0.060524 2 0.018576 0.055359 2 0.027280 0.050501 2 0.037263 0.045532 2
2 0.019442 0.170370 0.033559 0.023351 0.002662 0.182046 2 0.010920 0.175553 2 0.019086 0.169742 2 0.027066 0.164280 2 0.036221 0.158695 2
0 0.064193 0.498184 0.111985 0.989100 0.008200 0.992734 2 0.030937 0.625292 2 0.073148 0.313232 2 0.120185 0.003634 2 0.0 0.0 0
