2 0.773012 0.059484 0.329126 0.055894 0.937575 0.031536 2 0.854456 0.045252 2 0.772627 0.059363 2 0.691562 0.073715 2 0.608449 0.087431 2
1 0.567040 0.047555 0.134034 0.061916 0.634057 0.078513 2 0.586360 0.068814 2 0.551493 0.051913 2 0.523872 0.033154 2 0.500023 0.016597 2
1 0.841450 0.075631 0.277124 0.031123 0.980012 0.091192 2 0.909369 0.080833 2 0.839485 0.071539 2 0.780469 0.065408 2 0.702888 0.060069 2
2 0.898805 0.064763 0.195017 0.070370 0.996314 0.099948 2 0.943333 0.084285 2 0.892766 0.066513 2 0.850052 0.047957 2 0.801296 0.029578 2
3 0.972176 0.040783 0.051111 0.017925 0.997731 0.049745 2 0.983328 0.045304 2 0.969821 0.041189 2 0.958796 0.036293 2 0.946620 0.031820 2
1 0.626722 0.230978 0.027830 0.105087 0.640637 0.283521 2 0.631962 0.257569 2 0.625457 0.230113 2 0.618953 0.204161 2 0.612807 0.178435 2
3 0.815116 0.327663 0.363600 0.085431 0.996916 0.364184 2 0.872054 0.370379 2 0.760266 0.345686 2 0.690353 0.317506 2 0.633316 0.284948 2
1 0.499925 0.233995 0.140741 0.061889 0.570295 0.264939 2 0.522176 0.250949 2 0.487593 0.236380 2 0.453015 0.218466 2 0.429554 0.203050 2
3 0.783866 0.334773 0.421991 0.146959 0.994861 0.408252 2 0.865365 0.377190 2 0.759450 0.345388 2 0.653785 0.304884 2 0.572870 0.261293 2
1 0.644381 0.472875 0.095394 0.148857 0.692078 0.547303 2 0.677188 0.510749 2 0.656962 0.472682 2 0.628281 0.435830 2 0.596684 0.398446 2
2 0.834876 0.577106 0.323339 0.061817 0.996545 0.608015 2 0.913547 0.603348 2 0.833513 0.590324 2 0.749444 0.569910 2 0.673206 0.546198 2
1 0.715466 0.722331 0.078675 0.117156 0.676128 0.780909 2 0.703293 0.749184 2 0.728935 0.719606 2 0.741395 0.690854 2 0.754803 0.663753 2
1 0.511192 0.727736 0.100625 0.073458 0.561505 0.764465 2 0.522934 0.748437 2 0.497274 0.730110 2 0.477147 0.710564 2 0.460880 0.691007 2
2 0.760064 0.792368 0.476366 0.112902 0.998247 0.848819 2 0.872361 0.835307 2 0.757946 0.809887 2 0.633270 0.775090 2 0.521881 0.735917 2
3 0.071936 0.203174 0.139890 0.061221 0.001991 0.233785 2 0.040336 0.217164 2 0.074120 0.203490 2 0.108605 0.186962 2 0.141881 0.172564 2
2 0.214638 0.225025 0.147922 0.259465 0.140677 0.354757 2 0.187512 0.290451 2 0.219103 0.224604 2 0.251157 0.160119 2 0.288600 0.095292 2
1 0.049881 0.283212 0.058733 0.176493 0.079248 0.371458 2 0.074207 0.326913 2 0.057425 0.282376 2 0.040648 0.239089 2 0.020515 0.194965 2
1 0.191765 0.373919 0.118657 0.010402 0.132436 0.379120 2 0.162558 0.376866 2 0.192789 0.374048 2 0.220874 0.371519 2 0.251094 0.368718 2
3 0.090078 0.377588 0.175654 0.051357 0.002251 0.403267 2 0.047367 0.388411 2 0.092066 0.376143 2 0.134606 0.364019 2 0.177905 0.351910 2
1 0.130095 0.547499 0.247876 0.103573 0.006157 0.599285 2 0.068507 0.574172 2 0.132060 0.545674 2 0.193067 0.521383 2 0.254034 0.495712 2
1 0.152653 0.491001 0.035399 0.085561 0.134954 0.533782 2 0.154520 0.513362 2 0.163044 0.492211 2 0.164780 0.470472 2 0.170353 0.448220 2
3 0.085252 0.551775 0.166661 0.048440 0.001921 0.575995 2 0.044728 0.561982 2 0.087135 0.550411 2 0.127500 0.538976 2 0.168582 0.527555 2
