1 0.128223 0.379110 0.248079 0.052098 0.252263 0.383001 2 0.195741 0.405159 2 0.113368 0.401701 2 0.045868 0.374578 2 0.004184 0.353061 2
3 0.534008 0.751170 0.221510 0.012283 0.423252 0.757312 2 0.477274 0.754687 2 0.531979 0.750532 2 0.580729 0.747141 2 0.644763 0.745029 2
3 0.274725 0.729964 0.146279 0.011189 0.347865 0.735558 2 0.315804 0.730926 2 0.277668 0.725229 2 0.237998 0.724627 2 0.201586 0.724369 2
3 0.822104 0.759463 0.344832 0.018180 0.649688 0.750373 2 0.734051 0.765113 2 0.820162 0.768553 2 0.909682 0.768406 2 0.994520 0.759256 2
3 0.696756 0.826547 0.299751 0.122624 0.546881 0.765234 2 0.630341 0.784439 2 0.712303 0.811901 2 0.786169 0.845787 2 0.846632 0.887859 2
1 0.509858 0.681435 0.050862 0.112726 0.535289 0.737798 2 0.534103 0.709424 2 0.522263 0.679954 2 0.506910 0.653090 2 0.484427 0.625072 2
3 0.101800 0.761332 0.195845 0.067376 0.199722 0.727645 2 0.148889 0.745081 2 0.101516 0.762963 2 0.053032 0.780072 2 0.003877 0.795020 2
3 0.719410 0.587085 0.550579 0.198764 0.444120 0.686467 2 0.585758 0.650301 2 0.663160 0.587665 2 0.791620 0.523877 2 0.994699 0.487703 2
3 0.725909 0.636422 0.531319 0.025825 0.460249 0.623510 2 0.586267 0.649334 2 0.727957 0.648698 2 0.863166 0.642581 2 0.991568 0.633432 2
1 0.713892 0.456691 0.028628 0.176398 0.699578 0.544890 2 0.717367 0.498631 2 0.718443 0.455344 2 0.726649 0.411600 2 0.728206 0.368492 2
1 0.945738 0.443660 0.081429 0.102662 0.905023 0.494991 2 0.929352 0.465611 2 0.952917 0.437558 2 0.974045 0.411701 2 0.986453 0.392329 2
3 0.812775 0.427882 0.359080 0.090023 0.633235 0.472894 2 0.684317 0.428984 2 0.785509 0.409308 2 0.883779 0.395995 2 0.992315 0.382870 2
3 0.530541 0.499345 0.191337 0.045992 0.434873 0.522341 2 0.483912 0.507196 2 0.534416 0.496794 2 0.580579 0.490324 2 0.626209 0.476348 2
3 0.593779 0.490637 0.230208 0.017060 0.478675 0.482106 2 0.532697 0.484193 2 0.596823 0.492714 2 0.641227 0.497295 2 0.708883 0.499167 2
3 0.822569 0.424870 0.305255 0.062205 0.669942 0.455972 2 0.741904 0.442350 2 0.820955 0.429311 2 0.896169 0.415139 2 0.975197 0.393767 2
3 0.289728 0.623507 0.146285 0.010932 0.362870 0.628973 2 0.330810 0.624340 2 0.292668 0.618643 2 0.252998 0.618041 2 0.216586 0.619528 2
3 0.745162 0.280579 0.500336 0.082286 0.494994 0.309517 2 0.621632 0.321722 2 0.749091 0.298226 2 0.867442 0.267104 2 0.995330 0.239436 2
2 0.581227 0.299845 0.171574 0.040113 0.495440 0.319902 2 0.542442 0.312156 2 0.587807 0.304149 2 0.627564 0.293070 2 0.667014 0.279789 2
3 0.519306 0.413325 0.053368 0.006881 0.492622 0.416765 2 0.507934 0.416632 2 0.522471 0.416753 2 0.534890 0.413819 2 0.545990 0.409884 2
1 0.674719 0.392837 0.252957 0.032063 0.548241 0.408869 2 0.608669 0.402031 2 0.673484 0.394285 2 0.732691 0.387060 2 0.801198 0.376806 2
3 0.704329 0.121690 0.380764 0.036701 0.513947 0.103339 2 0.591834 0.122836 2 0.693252 0.140041 2 0.803247 0.138001 2 0.894711 0.121594 2
3 0.814795 0.006732 0.184890 0.011716 0.722350 0.000874 2 0.764508 0.005289 2 0.813513 0.009262 2 0.857685 0.011392 2 0.907240 0.012590 2
2 0.167014 0.647212 0.070590 0.043550 0.202309 0.625437 2 0.183640 0.636499 2 0.166539 0.647292 2 0.150388 0.657922 2 0.131719 0.668987 2
1 0.081455 0.705528 0.154751 0.092578 0.158831 0.659239 2 0.123559 0.689572 2 0.083067 0.715110 2 0.044959 0.734601 2 0.004080 0.751817 2
1 0.189664 0.648061 0.306771 0.144936 0.343050 0.720530 2 0.233339 0.687752 2 0.147031 0.652737 2 0.079115 0.616421 2 0.036279 0.575593 2
1 0.170475 0.694507 0.337269 0.061178 0.339109 0.725095 2 0.249618 0.706186 2 0.174554 0.692503 2 0.089988 0.676557 2 0.001840 0.663918 2
3 0.234355 0.664249 0.183547 0.036959 0.326128 0.682729 2 0.288247 0.673001 2 0.248941 0.665703 2 0.195584 0.656366 2 0.142581 0.645770 2
3 0.060987 0.649320 0.116314 0.007211 0.119144 0.645715 2 0.095747 0.647682 2 0.063368 0.650191 2 0.031725 0.651840 2 0.002830 0.652925 2
1 0.133330 0.532692 0.256568 0.132150 0.261615 0.598767 2 0.198733 0.560029 2 0.125029 0.525446 2 0.058374 0.496016 2 0.005046 0.466617 2
3 0.202205 0.521196 0.318576 0.015813 0.361493 0.529103 2 0.286036 0.513290 2 0.205677 0.513883 2 0.126337 0.521840 2 0.042917 0.527697 2
3 0.309826 0.470891 0.183438 0.018912 0.401545 0.480347 2 0.360654 0.469190 2 0.311904 0.462650 2 0.262888 0.461435 2 0.218108 0.461756 2
3 0.154986 0.471370 0.093119 0.006166 0.201545 0.468287 2 0.181134 0.469627 2 0.156852 0.471221 2 0.131603 0.472902 2 0.108426 0.474453 2
3 0.108258 0.500417 0.210938 0.060770 0.213727 0.470032 2 0.161834 0.487723 2 0.111418 0.505602 2 0.056661 0.519115 2 0.002789 0.530802 2
3 0.179361 0.424745 0.352286 0.009416 0.355503 0.429453 2 0.274734 0.423385 2 0.184971 0.425723 2 0.087575 0.429028 2 0.003218 0.420038 2
3 0.309954 0.390041 0.211933 0.031979 0.415920 0.406030 2 0.369508 0.393704 2 0.321325 0.381539 2 0.266701 0.374051 2 0.203987 0.379502 2
3 0.301953 0.286033 0.254554 0.015069 0.429230 0.293568 2 0.372049 0.283886 2 0.315828 0.278498 2 0.247859 0.280197 2 0.174676 0.282477 2
2 0.087604 0.315253 0.171493 0.056855 0.173351 0.286826 2 0.143345 0.306102 2 0.100833 0.318796 2 0.054803 0.331345 2 0.001858 0.343681 2
3 0.314615 0.258730 0.091626 0.003709 0.360428 0.260382 2 0.339664 0.256875 2 0.316140 0.257292 2 0.290718 0.259274 2 0.268802 0.260584 2
3 0.271924 0.170324 0.284601 0.005897 0.414225 0.167376 2 0.348663 0.171322 2 0.278808 0.173273 2 0.204201 0.171826 2 0.129624 0.169740 2
1 0.266953 0.134424 0.319450 0.014242 0.426678 0.127303 2 0.335272 0.137161 2 0.256094 0.141545 2 0.175666 0.138950 2 0.107228 0.127303 2
3 0.277193 0.126908 0.148056 0.029065 0.351221 0.141441 2 0.311730 0.129760 2 0.282043 0.126247 2 0.242598 0.120573 2 0.203166 0.112376 2
3 0.111189 0.066683 0.179323 0.073955 0.200851 0.103660 2 0.159740 0.079690 2 0.118709 0.060677 2 0.070411 0.044986 2 0.021528 0.029705 2
3 0.353903 0.076189 0.178050 0.011661 0.442928 0.082020 2 0.406782 0.073828 2 0.362390 0.071369 2 0.311811 0.073987 2 0.264878 0.070359 2
3 0.165836 0.035139 0.172899 0.062720 0.252286 0.066499 2 0.209022 0.051907 2 0.171875 0.040009 2 0.122894 0.021267 2 0.079387 0.003779 2
1 0.155911 0.131218 0.117749 0.014705 0.214786 0.123866 2 0.192616 0.131250 2 0.166348 0.137089 2 0.127674 0.138571 2 0.097037 0.134494 2
3 0.302486 0.107338 0.111811 0.011968 0.358391 0.113322 2 0.335023 0.102763 2 0.302459 0.101354 2 0.267807 0.102219 2 0.246580 0.110463 2
3 0.239112 0.084177 0.046059 0.015344 0.262141 0.076505 2 0.247934 0.077185 2 0.235098 0.081343 2 0.226939 0.086276 2 0.216082 0.091849 2
3 0.295969 0.085148 0.046059 0.014132 0.318999 0.078082 2 0.305758 0.080098 2 0.294381 0.083406 2 0.283796 0.086644 2 0.272940 0.092214 2
0 0.414378 0.502888 0.160041 0.990718 0.334358 0.998247 2 0.421522 0.641580 2 0.454595 0.337700 2 0.494398 0.007529 2 0.0 0.0 0
0 0.355405 0.392015 0.026528 0.632190 0.342141 0.708111 2 0.363125 0.483753 2 0.364792 0.279656 2 0.368669 0.075920 2 0.0 0.0 0
