2 0.946435 0.661628 0.104398 0.012098 0.894236 0.667677 2 0.920584 0.666308 2 0.944751 0.664089 2 0.972367 0.660729 2 0.998634 0.655579 2
2 0.083255 0.309582 0.164311 0.048655 0.165411 0.330969 2 0.116927 0.333909 2 0.067859 0.326302 2 0.029560 0.308082 2 0.001100 0.285255 2
2 0.064398 0.614627 0.123414 0.039734 0.126105 0.634494 2 0.094589 0.624893 2 0.061904 0.615807 2 0.030388 0.605515 2 0.002691 0.594760 2
2 0.071719 0.686888 0.136377 0.053932 0.139907 0.659922 2 0.110451 0.679126 2 0.082309 0.694965 2 0.048594 0.707917 2 0.003530 0.713854 2
3 0.224899 0.645116 0.042980 0.056794 0.203409 0.673513 2 0.217037 0.657789 2 0.228218 0.644887 2 0.236256 0.629931 2 0.246389 0.616719 2
1 0.187150 0.720503 0.039381 0.051823 0.206840 0.694592 2 0.193478 0.705113 2 0.184190 0.719013 2 0.176262 0.730258 2 0.167459 0.746415 2
1 0.201334 0.694424 0.049913 0.053785 0.176377 0.667532 2 0.188409 0.679688 2 0.197442 0.692257 2 0.205069 0.706863 2 0.226291 0.721317 2
3 0.140171 0.701934 0.199450 0.022549 0.239896 0.712497 2 0.174381 0.713209 2 0.123721 0.708955 2 0.082373 0.701117 2 0.040446 0.690660 2
2 0.089297 0.705133 0.131487 0.070631 0.155041 0.669818 2 0.118889 0.688293 2 0.091331 0.707043 2 0.059363 0.724942 2 0.023553 0.740448 2
3 0.157130 0.618304 0.026933 0.043964 0.143663 0.640286 2 0.152251 0.627645 2 0.158808 0.616227 2 0.163900 0.607729 2 0.170596 0.596322 2
2 0.080975 0.594531 0.064057 0.067697 0.113003 0.628380 2 0.094954 0.611282 2 0.078941 0.594618 2 0.064965 0.578362 2 0.048947 0.560683 2
3 0.393724 0.610569 0.095874 0.016629 0.441661 0.618883 2 0.419248 0.614248 2 0.395828 0.611285 2 0.369433 0.607902 2 0.345787 0.602254 2
3 0.198018 0.568388 0.277159 0.089010 0.336597 0.604786 2 0.239358 0.612894 2 0.156615 0.594699 2 0.096267 0.556875 2 0.059439 0.523883 2
2 0.086247 0.521308 0.007378 0.033681 0.082558 0.538148 2 0.084514 0.529352 2 0.086296 0.521134 2 0.087980 0.513261 2 0.089936 0.504468 2
3 0.200828 0.330605 0.054606 0.008009 0.228131 0.334609 2 0.212830 0.334329 2 0.200440 0.333481 2 0.189826 0.330333 2 0.173524 0.326600 2
3 0.221100 0.268702 0.056481 0.019800 0.245862 0.278602 2 0.249340 0.269404 2 0.235642 0.263200 2 0.216152 0.264931 2 0.192859 0.258802 2
2 0.120938 0.278166 0.099919 0.035920 0.170897 0.260205 2 0.154959 0.269800 2 0.121684 0.279569 2 0.098565 0.287841 2 0.070978 0.296126 2
1 0.109821 0.247082 0.108241 0.031803 0.163941 0.261510 2 0.129149 0.262983 2 0.094815 0.256487 2 0.071389 0.244497 2 0.055700 0.231181 2
1 0.181120 0.234816 0.004068 0.034742 0.179161 0.252188 2 0.179086 0.243328 2 0.180729 0.235127 2 0.181765 0.227159 2 0.183154 0.217445 2
1 0.296606 0.240177 0.077182 0.038987 0.258015 0.259670 2 0.289062 0.253180 2 0.309329 0.244190 2 0.324201 0.232870 2 0.335197 0.220683 2
3 0.139919 0.433465 0.273229 0.013307 0.276534 0.434109 2 0.212106 0.436285 2 0.135602 0.440119 2 0.066198 0.438498 2 0.003304 0.426811 2
3 0.291641 0.429404 0.047263 0.013432 0.315272 0.436120 2 0.302211 0.434311 2 0.290503 0.432133 2 0.278218 0.428490 2 0.268009 0.422688 2
0 0.378194 0.521863 0.318322 0.493432 0.537355 0.768579 2 0.447147 0.587225 2 0.307315 0.417347 2 0.219034 0.275148 2 0.0 0.0 0
3 0.329563 0.311130 0.126267 0.040095 0.266429 0.331178 2 0.297101 0.319965 2 0.329103 0.310894 2 0.362465 0.302205 2 0.392697 0.291082 2
1 0.397821 0.268079 0.009774 0.023252 0.392934 0.279705 2 0.395069 0.274308 2 0.396499 0.269193 2 0.398605 0.263209 2 0.402708 0.256453 2
2 0.379786 0.263346 0.023762 0.036531 0.391667 0.281612 2 0.385729 0.272069 2 0.379786 0.263157 2 0.373848 0.254621 2 0.367905 0.245081 2
3 0.424421 0.317637 0.213657 0.036450 0.317593 0.319520 2 0.368432 0.331970 2 0.437436 0.335862 2 0.494913 0.320781 2 0.531250 0.299413 2
3 0.361024 0.425284 0.039167 0.006383 0.341441 0.428475 2 0.354045 0.427060 2 0.364196 0.425877 2 0.372882 0.424421 2 0.380608 0.422092 2
1 0.345483 0.411069 0.011383 0.023730 0.351175 0.422934 2 0.347384 0.417106 2 0.344537 0.410940 2 0.341690 0.405116 2 0.339792 0.399204 2
1 0.426155 0.388649 0.082980 0.063912 0.384664 0.420605 2 0.411059 0.408142 2 0.432095 0.394036 2 0.451094 0.376626 2 0.467645 0.356693 2
2 0.481322 0.447160 0.190770 0.038903 0.385937 0.457708 2 0.441817 0.466612 2 0.495446 0.460370 2 0.540747 0.448504 2 0.576707 0.427708 2
3 0.709523 0.713646 0.010816 0.078437 0.711615 0.674427 2 0.714931 0.694566 2 0.712656 0.712954 2 0.708397 0.730796 2 0.704115 0.752865 2
3 0.734210 0.781353 0.064763 0.042960 0.701829 0.759873 2 0.717541 0.773021 2 0.732263 0.784690 2 0.746869 0.794002 2 0.766591 0.802833 2
1 0.781160 0.702878 0.136962 0.086710 0.712679 0.746233 2 0.746400 0.726571 2 0.779473 0.703990 2 0.810561 0.683915 2 0.849641 0.659523 2
3 0.759604 0.467687 0.321534 0.007277 0.920370 0.471325 2 0.845775 0.468571 2 0.767558 0.467749 2 0.694832 0.466351 2 0.598837 0.464048 2
1 0.919074 0.419975 0.043530 0.079997 0.940839 0.459974 2 0.926325 0.440330 2 0.913027 0.419549 2 0.904560 0.399905 2 0.897309 0.379977 2
2 0.543388 0.417405 0.184103 0.089097 0.635440 0.461953 2 0.578935 0.445802 2 0.532066 0.424907 2 0.484786 0.401374 2 0.451337 0.372856 2
3 0.798637 0.331087 0.332703 0.072480 0.964988 0.367326 2 0.873791 0.357133 2 0.765081 0.353383 2 0.690851 0.333171 2 0.632286 0.294847 2
1 0.773626 0.266484 0.045943 0.163345 0.796597 0.348157 2 0.781285 0.308047 2 0.766175 0.265914 2 0.758310 0.225503 2 0.750654 0.184812 2
1 0.623895 0.247918 0.060440 0.141311 0.654115 0.318573 2 0.614647 0.287497 2 0.600747 0.250182 2 0.597106 0.212465 2 0.593675 0.177263 2
1 0.526085 0.259692 0.190851 0.090593 0.621510 0.304988 2 0.557894 0.290894 2 0.505353 0.270075 2 0.456429 0.239983 2 0.430660 0.214395 2
3 0.894896 0.621101 0.201806 0.054488 0.793993 0.648345 2 0.863200 0.637558 2 0.906742 0.625341 2 0.953895 0.609065 2 0.995799 0.593857 2
3 0.945862 0.531454 0.103796 0.029251 0.893964 0.546079 2 0.919225 0.539352 2 0.946748 0.531473 2 0.970480 0.525084 2 0.997760 0.516829 2
2 0.981131 0.227031 0.031071 0.071470 0.996667 0.262766 2 0.982957 0.246366 2 0.971256 0.232196 2 0.965596 0.213232 2 0.974022 0.191296 2
3 0.917046 0.168040 0.158235 0.055119 0.996163 0.195599 2 0.943079 0.184300 2 0.890503 0.179065 2 0.853524 0.162161 2 0.837928 0.140480 2
1 0.894236 0.099372 0.116146 0.195550 0.836163 0.197147 2 0.864138 0.154080 2 0.892425 0.108811 2 0.918918 0.060182 2 0.952309 0.001597 2
1 0.737057 0.100268 0.140052 0.182185 0.807083 0.191360 2 0.728808 0.166279 2 0.677922 0.123006 2 0.667031 0.061843 2 0.667888 0.009175 2
3 0.911102 0.243209 0.170561 0.087876 0.996383 0.287147 2 0.942951 0.270501 2 0.899780 0.252688 2 0.857216 0.226733 2 0.825822 0.199271 2
1 0.663108 0.186166 0.323611 0.053490 0.824913 0.211377 2 0.724896 0.212642 2 0.625723 0.212911 2 0.553125 0.192743 2 0.501302 0.159421 2
3 0.811270 0.694729 0.156973 0.051652 0.732784 0.720556 2 0.782292 0.707034 2 0.816701 0.695009 2 0.850515 0.682862 2 0.889757 0.668903 2
0 0.581366 0.866713 0.016690 0.170631 0.589711 0.952028 2 0.579693 0.892723 2 0.573021 0.837060 2 0.576354 0.781398 2 0.0 0.0 0
0 0.803261 0.585383 0.385804 0.365159 0.610359 0.767963 2 0.759994 0.650634 2 0.877176 0.534829 2 0.996163 0.402804 2 0.0 0.0 0
3 0.516675 0.789826 0.302598 0.112338 0.667975 0.733657 2 0.627940 0.803122 2 0.528785 0.845995 2 0.424497 0.805475 2 0.365376 0.734962 2
1 0.709274 0.797499 0.148837 0.050726 0.634855 0.803869 2 0.668015 0.822862 2 0.719682 0.818553 2 0.758553 0.796493 2 0.783692 0.772135 2
2 0.448111 0.692633 0.137760 0.079097 0.379230 0.732182 2 0.425723 0.720784 2 0.461939 0.703001 2 0.493437 0.680179 2 0.516991 0.653084 2
1 0.517844 0.589389 0.002413 0.108675 0.519051 0.643727 2 0.518247 0.617043 2 0.517645 0.588811 2 0.517037 0.562124 2 0.516638 0.535052 2
3 0.303044 0.696931 0.340625 0.101658 0.473356 0.747760 2 0.367697 0.727211 2 0.285689 0.717393 2 0.205185 0.683258 2 0.132731 0.646102 2
1 0.263148 0.710100 0.057882 0.027532 0.234207 0.696334 2 0.246250 0.704187 2 0.260370 0.712269 2 0.273895 0.718299 2 0.292089 0.723866 2
