3 0.183964 0.461179 0.099792 0.008967 0.233860 0.465663 2 0.211215 0.462095 2 0.185642 0.458212 2 0.160064 0.456696 2 0.134068 0.458116 2
2 0.065937 0.461994 0.124525 0.005660 0.128200 0.459164 2 0.101997 0.460266 2 0.069502 0.460816 2 0.037008 0.462885 2 0.003675 0.464823 2
3 0.220689 0.394599 0.132662 0.121617 0.154358 0.333791 2 0.192245 0.365940 2 0.235446 0.394893 2 0.269468 0.423602 2 0.287020 0.455408 2
2 0.195321 0.402854 0.021128 0.046299 0.205885 0.379705 2 0.200075 0.391753 2 0.192164 0.402587 2 0.187899 0.413958 2 0.184757 0.426004 2
1 0.230330 0.292374 0.117685 0.097179 0.171487 0.340964 2 0.204311 0.314965 2 0.232708 0.289554 2 0.266053 0.267908 2 0.289172 0.243785 2
2 0.071357 0.342849 0.138744 0.009094 0.140729 0.338302 2 0.111372 0.346826 2 0.070833 0.347396 2 0.034485 0.344100 2 0.001985 0.343715 2
3 0.075605 0.327543 0.144890 0.015747 0.148050 0.319670 2 0.114016 0.321985 2 0.076071 0.324392 2 0.040723 0.328003 2 0.003160 0.335417 2
3 0.045697 0.188534 0.086927 0.022954 0.089161 0.200012 2 0.064091 0.195475 2 0.044097 0.189407 2 0.022402 0.182190 2 0.002234 0.177057 2
3 0.170992 0.092166 0.063385 0.045182 0.139300 0.114757 2 0.147818 0.099873 2 0.160660 0.088183 2 0.178270 0.076777 2 0.202685 0.069575 2
3 0.304797 0.111661 0.221586 0.041059 0.194005 0.091131 2 0.239242 0.113417 2 0.292153 0.130660 2 0.355503 0.132190 2 0.415590 0.122920 2
1 0.132850 0.119473 0.262564 0.041811 0.264132 0.140379 2 0.174589 0.130862 2 0.110162 0.118351 2 0.045006 0.108469 2 0.001568 0.098568 2
1 0.272839 0.063591 0.092980 0.001065 0.226348 0.063817 2 0.255330 0.063967 2 0.277066 0.064123 2 0.298559 0.063058 2 0.319329 0.063215 2
1 0.424323 0.096444 0.359965 0.021354 0.244340 0.102642 2 0.348183 0.107121 2 0.448524 0.105113 2 0.529878 0.096834 2 0.604306 0.085767 2
1 0.346455 0.102345 0.188605 0.154227 0.252153 0.179459 2 0.318015 0.141574 2 0.372888 0.098186 2 0.413900 0.061658 2 0.440758 0.025231 2
1 0.460405 0.117287 0.202743 0.063967 0.359034 0.149271 2 0.420851 0.144334 2 0.473374 0.136166 2 0.526481 0.114120 2 0.561777 0.085304 2
3 0.704696 0.156878 0.567656 0.042211 0.420868 0.135773 2 0.554375 0.157720 2 0.722124 0.177983 2 0.861858 0.171973 2 0.988524 0.143432 2
2 0.393362 0.310680 0.224491 0.006782 0.281117 0.309094 2 0.339323 0.307289 2 0.396765 0.310101 2 0.443275 0.311875 2 0.505608 0.314071 2
1 0.545599 0.296774 0.134612 0.023628 0.478293 0.308588 2 0.511337 0.304705 2 0.541684 0.298831 2 0.574404 0.293385 2 0.612905 0.284959 2
3 0.282590 0.290382 0.020862 0.025556 0.272159 0.303160 2 0.277008 0.295935 2 0.282587 0.289401 2 0.288657 0.283079 2 0.293021 0.277604 2
3 0.326450 0.302697 0.067853 0.040700 0.292523 0.323047 2 0.316163 0.314769 2 0.337014 0.302992 2 0.352483 0.291531 2 0.360376 0.282347 2
1 0.342575 0.236696 0.037731 0.081759 0.361441 0.277575 2 0.340897 0.258547 2 0.331047 0.236887 2 0.327899 0.216811 2 0.323709 0.195816 2
2 0.339120 0.325822 0.116065 0.065694 0.281088 0.358669 2 0.318808 0.342526 2 0.349716 0.325527 2 0.374531 0.308362 2 0.397153 0.292975 2
3 0.519123 0.380259 0.452344 0.099806 0.292951 0.330356 2 0.419190 0.362211 2 0.518015 0.391557 2 0.626215 0.413834 2 0.745295 0.430162 2
1 0.328805 0.375142 0.102888 0.047552 0.277361 0.351366 2 0.298779 0.365946 2 0.323704 0.378724 2 0.352211 0.390093 2 0.380249 0.398918 2
3 0.800651 0.390000 0.208466 0.055579 0.696418 0.417789 2 0.743015 0.399815 2 0.796273 0.390391 2 0.849479 0.376707 2 0.904884 0.362211 2
1 0.418414 0.453213 0.124456 0.059002 0.356186 0.482714 2 0.393044 0.470046 2 0.423912 0.457726 2 0.454821 0.439980 2 0.480642 0.423712 2
1 0.492231 0.456496 0.256881 0.072002 0.363791 0.492497 2 0.438247 0.481855 2 0.507616 0.461881 2 0.563681 0.444523 2 0.620671 0.420495 2
3 0.602775 0.624634 0.401024 0.044100 0.402263 0.616007 2 0.516424 0.602584 2 0.620081 0.613513 2 0.718617 0.631262 2 0.803287 0.646684 2
3 0.903628 0.638303 0.181262 0.020946 0.812998 0.648776 2 0.864369 0.642896 2 0.910666 0.638128 2 0.954265 0.632633 2 0.994259 0.627830 2
1 0.800350 0.560687 0.075237 0.025269 0.762731 0.573322 2 0.780475 0.565275 2 0.798785 0.560697 2 0.816071 0.555017 2 0.837969 0.548053 2
1 0.852587 0.594523 0.290139 0.016071 0.707517 0.586487 2 0.776916 0.594074 2 0.852946 0.598354 2 0.924138 0.602558 2 0.997656 0.602138 2
1 0.668249 0.596036 0.089149 0.012853 0.712824 0.589609 2 0.693385 0.594346 2 0.670336 0.597775 2 0.647853 0.599554 2 0.623675 0.602462 2
3 0.756033 0.865100 0.467587 0.169575 0.522240 0.780313 2 0.652587 0.820425 2 0.767251 0.863084 2 0.823605 0.920133 2 0.989826 0.949887 2
3 0.800289 0.940956 0.015752 0.044274 0.808166 0.918819 2 0.801829 0.930171 2 0.800336 0.941076 2 0.797969 0.951464 2 0.792413 0.963093 2
3 0.962373 0.975845 0.032257 0.041979 0.946244 0.954855 2 0.952552 0.966209 2 0.962541 0.975935 2 0.971238 0.985440 2 0.978501 0.996834 2
3 0.954644 0.769881 0.078721 0.008032 0.915284 0.773898 2 0.935336 0.772092 2 0.952789 0.769520 2 0.972471 0.766577 2 0.994005 0.765865 2
3 0.712598 0.817105 0.194479 0.043805 0.809838 0.839008 2 0.763773 0.824181 2 0.718571 0.813177 2 0.670336 0.804980 2 0.615359 0.795203 2
3 0.969705 0.586471 0.050845 0.006762 0.944282 0.589852 2 0.957731 0.587972 2 0.970260 0.584742 2 0.982726 0.583452 2 0.995127 0.583090 2
3 0.858368 0.516722 0.054248 0.002853 0.885492 0.518148 2 0.871632 0.517312 2 0.857581 0.517269 2 0.845075 0.516704 2 0.831244 0.515295 2
2 0.952477 0.499530 0.007593 0.044256 0.956273 0.521658 2 0.955214 0.510098 2 0.952477 0.499303 2 0.950579 0.488961 2 0.948681 0.477402 2
2 0.980995 0.443051 0.035741 0.024187 0.963125 0.430958 2 0.973600 0.437329 2 0.982309 0.443550 2 0.991013 0.449502 2 0.998866 0.455145 2
3 0.935865 0.412844 0.013397 0.020816 0.942564 0.423252 2 0.940231 0.418247 2 0.935573 0.413605 2 0.932373 0.407729 2 0.929167 0.402436 2
3 0.932448 0.206646 0.002130 0.017645 0.933513 0.215469 2 0.932448 0.210790 2 0.931383 0.206427 2 0.932448 0.202127 2 0.932448 0.197824 2
3 0.988796 0.211438 0.019676 0.014659 0.978958 0.218767 2 0.983536 0.214653 2 0.989497 0.211493 2 0.993628 0.207607 2 0.998634 0.204109 2
3 0.970026 0.209275 0.005226 0.022364 0.967413 0.220457 2 0.969844 0.214204 2 0.971574 0.208791 2 0.972639 0.203793 2 0.970544 0.198093 2
2 0.660333 0.585919 0.168571 0.021895 0.576047 0.596866 2 0.617737 0.590122 2 0.662309 0.585052 2 0.701719 0.579905 2 0.744618 0.574971 2
3 0.773924 0.233375 0.263669 0.015842 0.905758 0.225454 2 0.827685 0.234803 2 0.761059 0.241296 2 0.697679 0.238770 2 0.642089 0.227486 2
2 0.772963 0.178018 0.076736 0.066412 0.811331 0.211224 2 0.792147 0.193880 2 0.772963 0.177677 2 0.753779 0.162156 2 0.734595 0.144812 2
1 0.797028 0.127804 0.057321 0.184149 0.825689 0.219878 2 0.807141 0.174606 2 0.793229 0.126713 2 0.781834 0.081863 2 0.768368 0.035729 2
1 0.833678 0.268202 0.050133 0.151421 0.829028 0.192491 2 0.810700 0.230185 2 0.808611 0.272975 2 0.826690 0.308883 2 0.858744 0.343912 2
1 0.738145 0.211998 0.286256 0.154719 0.881273 0.289358 2 0.772569 0.260237 2 0.699196 0.219870 2 0.642483 0.179520 2 0.595017 0.134638 2
2 0.740365 0.257425 0.085949 0.020810 0.783339 0.247020 2 0.759230 0.259925 2 0.731979 0.266913 2 0.702280 0.267830 2 0.697390 0.251913 2
3 0.652957 0.251752 0.075069 0.014308 0.690492 0.244598 2 0.677054 0.253203 2 0.656071 0.257703 2 0.636383 0.258906 2 0.615422 0.256128 2
2 0.561545 0.225417 0.084317 0.056811 0.603704 0.253822 2 0.578009 0.239196 2 0.557350 0.227431 2 0.539207 0.212269 2 0.519387 0.197011 2
2 0.576658 0.221916 0.126626 0.020966 0.639971 0.232399 2 0.607894 0.229858 2 0.577494 0.224954 2 0.545422 0.218585 2 0.513345 0.211432 2
1 0.835605 0.260007 0.160122 0.013284 0.915666 0.253365 2 0.874867 0.257008 2 0.832350 0.258880 2 0.794554 0.262630 2 0.755544 0.266649 2
1 0.620729 0.284735 0.212118 0.023099 0.726788 0.273186 2 0.680538 0.282488 2 0.634248 0.291068 2 0.576325 0.296285 2 0.514670 0.296111 2
1 0.514983 0.463534 0.106493 0.053898 0.568229 0.490483 2 0.532731 0.477248 2 0.504010 0.463877 2 0.480324 0.449592 2 0.461736 0.436586 2
3 0.731959 0.482911 0.318235 0.055289 0.891076 0.455266 2 0.842020 0.476545 2 0.777870 0.497503 2 0.668438 0.510556 2 0.572841 0.493001 2
1 0.544265 0.282365 0.095706 0.148163 0.592118 0.356447 2 0.555868 0.321152 2 0.523970 0.284835 2 0.503669 0.245556 2 0.496412 0.208284 2
3 0.752269 0.421681 0.294086 0.115469 0.899311 0.479416 2 0.807992 0.449661 2 0.730758 0.425761 2 0.667616 0.396487 2 0.605226 0.363947 2
2 0.550295 0.337260 0.113565 0.038640 0.607078 0.356580 2 0.578686 0.346487 2 0.550295 0.337060 2 0.521904 0.328032 2 0.493513 0.317940 2
1 0.776403 0.325939 0.097263 0.006340 0.825035 0.329109 2 0.792616 0.327552 2 0.768299 0.325906 2 0.743981 0.324349 2 0.727772 0.322769 2
3 0.766155 0.320514 0.320631 0.096918 0.926470 0.272054 2 0.864855 0.308921 2 0.799016 0.346045 2 0.707274 0.368973 2 0.605839 0.360203 2
0 0.346780 0.502677 0.596696 0.976181 0.645127 0.990767 2 0.403241 0.652561 2 0.246105 0.363461 2 0.048432 0.014586 2 0.0 0.0 0
0 0.872326 0.615875 0.170312 0.758921 0.787170 0.995336 2 0.906296 0.676510 2 0.938559 0.469317 2 0.957483 0.236415 2 0.0 0.0 0
3 0.251473 0.803749 0.320550 0.024592 0.411748 0.791453 2 0.334311 0.802364 2 0.254606 0.812584 2 0.169334 0.816045 2 0.091198 0.811548 2
2 0.107572 0.807416 0.073987 0.001603 0.144566 0.808218 2 0.125486 0.808218 2 0.106412 0.808218 2 0.087332 0.808218 2 0.070579 0.806615 2
2 0.121690 0.783028 0.069016 0.039766 0.087182 0.802911 2 0.098171 0.790790 2 0.118125 0.781117 2 0.135307 0.772211 2 0.156198 0.763145 2
1 0.178764 0.780483 0.113872 0.054595 0.235700 0.807781 2 0.203079 0.792486 2 0.177014 0.778440 2 0.147743 0.766348 2 0.121829 0.753186 2
3 0.152286 0.599479 0.297708 0.025168 0.301140 0.589010 2 0.241725 0.600012 2 0.178113 0.612063 2 0.091481 0.598605 2 0.003432 0.586895 2
3 0.069742 0.640496 0.131140 0.022150 0.135313 0.629421 2 0.105064 0.639537 2 0.073675 0.647115 2 0.046059 0.651571 2 0.004172 0.647517 2
3 0.234034 0.552305 0.073229 0.045431 0.270648 0.529589 2 0.241817 0.535992 2 0.222772 0.549117 2 0.207569 0.561858 2 0.197419 0.575020 2
2 0.159841 0.611217 0.065457 0.061218 0.192569 0.580608 2 0.176759 0.595501 2 0.165613 0.611172 2 0.146273 0.627561 2 0.127112 0.641826 2
3 0.243290 0.484669 0.084149 0.022839 0.285365 0.473249 2 0.261852 0.477216 2 0.240312 0.481059 2 0.220660 0.487977 2 0.201215 0.496088 2
