2 0.595075 0.106233 0.607662 0.207494 0.898906 0.209980 2 0.682292 0.192789 2 0.503299 0.149034 2 0.376748 0.076678 2 0.291244 0.002486 2
3 0.948215 0.365600 0.097483 0.360263 0.996956 0.545732 2 0.938241 0.444337 2 0.925127 0.358180 2 0.909740 0.272109 2 0.899473 0.185469 2
3 0.818686 0.953147 0.352500 0.022289 0.994936 0.942002 2 0.907564 0.952792 2 0.822517 0.959951 2 0.731950 0.964291 2 0.642436 0.962173 2
3 0.909887 0.749314 0.180573 0.030561 0.999999 0.734034 2 0.957801 0.743764 2 0.916557 0.750223 2 0.869884 0.757572 2 0.819601 0.764595 2
3 0.750243 0.575074 0.448646 0.048469 0.974566 0.550839 2 0.866707 0.567960 2 0.767355 0.581253 2 0.650781 0.590448 2 0.525920 0.599308 2
2 0.899410 0.475409 0.195845 0.024569 0.997332 0.463125 2 0.949780 0.471988 2 0.907130 0.480532 2 0.856111 0.484812 2 0.801487 0.487694 2
3 0.768631 0.475671 0.327749 0.009462 0.932506 0.470940 2 0.853796 0.479013 2 0.777245 0.480402 2 0.695428 0.476366 2 0.604757 0.478235 2
3 0.473105 0.507700 0.238640 0.045556 0.592425 0.484922 2 0.549890 0.505538 2 0.493872 0.518941 2 0.428258 0.528527 2 0.353785 0.530477 2
1 0.233588 0.541227 0.232824 0.013698 0.350000 0.537483 2 0.290781 0.547054 2 0.223374 0.548076 2 0.158692 0.542422 2 0.117176 0.534378 2
2 0.333220 0.602723 0.368652 0.011262 0.517546 0.597092 2 0.422772 0.598249 2 0.337187 0.605434 2 0.237025 0.608354 2 0.148895 0.600133 2
1 0.076270 0.600299 0.149740 0.006502 0.151140 0.603328 2 0.109167 0.603550 2 0.073137 0.603356 2 0.035347 0.601597 2 0.001400 0.597049 2
