3 0.369644 0.366416 0.372703 0.014083 0.555995 0.365223 2 0.462529 0.367211 2 0.365903 0.373458 2 0.273154 0.368351 2 0.183293 0.359375 2
1 0.280043 0.472323 0.063501 0.008218 0.311794 0.476432 2 0.297245 0.473831 2 0.280330 0.471435 2 0.264068 0.469873 2 0.248293 0.468215 2
1 0.338921 0.440362 0.252425 0.002917 0.465133 0.441019 2 0.381152 0.441820 2 0.317888 0.439951 2 0.254780 0.439430 2 0.212708 0.438903 2
2 0.135856 0.496037 0.040509 0.023886 0.156111 0.484094 2 0.142326 0.488498 2 0.133148 0.494676 2 0.124462 0.500995 2 0.115602 0.507980 2
3 0.107731 0.474828 0.029595 0.029193 0.122529 0.489424 2 0.112870 0.482086 2 0.103704 0.475281 2 0.099549 0.467480 2 0.092934 0.460231 2
3 0.038197 0.458061 0.072101 0.060718 0.074248 0.488420 2 0.054531 0.472514 2 0.036094 0.457705 2 0.019520 0.442567 2 0.002147 0.427703 2
3 0.133634 0.489559 0.129560 0.009968 0.198414 0.484575 2 0.172164 0.490506 2 0.139751 0.494543 2 0.103947 0.494042 2 0.068854 0.494346 2
3 0.365720 0.458714 0.411071 0.045350 0.571256 0.436039 2 0.476181 0.446733 2 0.386337 0.464624 2 0.266765 0.476484 2 0.160185 0.481389 2
3 0.741146 0.540874 0.060046 0.007326 0.711123 0.544537 2 0.725573 0.542682 2 0.740984 0.541936 2 0.756042 0.539025 2 0.771169 0.537211 2
3 0.835472 0.695139 0.114010 0.025220 0.778466 0.707749 2 0.807373 0.699022 2 0.834201 0.693252 2 0.864242 0.688001 2 0.892477 0.682529 2
2 0.134766 0.730930 0.022459 0.060807 0.145995 0.761334 2 0.140382 0.745454 2 0.134769 0.730616 2 0.129149 0.716409 2 0.123536 0.700527 2
3 0.711985 0.610890 0.367280 0.058394 0.895625 0.581693 2 0.802153 0.591435 2 0.703304 0.607465 2 0.624213 0.623310 2 0.528345 0.640087 2
1 0.399809 0.161024 0.046042 0.031858 0.422830 0.145095 2 0.410775 0.152639 2 0.402656 0.161192 2 0.392083 0.169158 2 0.376788 0.176953 2
2 0.193747 0.047306 0.020909 0.023709 0.204201 0.059161 2 0.198686 0.052937 2 0.193166 0.047118 2 0.187645 0.041548 2 0.183293 0.035451 2
2 0.081195 0.028691 0.064693 0.054378 0.113542 0.055880 2 0.097367 0.041678 2 0.076892 0.028275 2 0.065023 0.015703 2 0.048848 0.001502 2
3 0.043400 0.068326 0.077703 0.003984 0.082251 0.066334 2 0.064514 0.069942 2 0.047251 0.070113 2 0.025220 0.070072 2 0.004549 0.070318 2
3 0.215911 0.073433 0.011591 0.029146 0.221707 0.088006 2 0.219421 0.081994 2 0.216730 0.076186 2 0.213808 0.068727 2 0.210116 0.058860 2
3 0.344852 0.081073 0.073594 0.072465 0.381649 0.117306 2 0.367141 0.102352 2 0.350064 0.087920 2 0.331493 0.069372 2 0.308056 0.044841 2
3 0.295336 0.107046 0.404630 0.091059 0.497650 0.152575 2 0.396059 0.136826 2 0.298235 0.121855 2 0.203970 0.099077 2 0.093021 0.061516 2
0 0.969077 0.746907 0.047610 0.501395 0.945272 0.997604 2 0.962309 0.821568 2 0.977471 0.652477 2 0.992882 0.496209 2 0.0 0.0 0
3 0.821299 0.379223 0.245608 0.023163 0.944103 0.390804 2 0.882193 0.387341 2 0.819722 0.382983 2 0.759433 0.374175 2 0.698495 0.367642 2
3 0.468342 0.388261 0.466256 0.037442 0.701470 0.380828 2 0.586794 0.406392 2 0.449994 0.406982 2 0.334277 0.395208 2 0.235214 0.369540 2
3 0.119881 0.374226 0.234786 0.015564 0.237274 0.380223 2 0.177274 0.382008 2 0.117980 0.378602 2 0.061829 0.374094 2 0.002488 0.366444 2
1 0.130796 0.359505 0.026348 0.026152 0.143970 0.372581 2 0.137604 0.367069 2 0.130156 0.359653 2 0.123096 0.352992 2 0.117622 0.346429 2
1 0.336493 0.376304 0.024838 0.009968 0.324074 0.381288 2 0.331204 0.377697 2 0.337541 0.375234 2 0.343692 0.372729 2 0.348912 0.371319 2
3 0.280081 0.665314 0.464271 0.042561 0.512216 0.644034 2 0.394311 0.657595 2 0.289352 0.667514 2 0.158993 0.679054 2 0.047946 0.686594 2
3 0.592543 0.923362 0.597992 0.095637 0.891539 0.892014 2 0.747517 0.875544 2 0.592384 0.893484 2 0.445654 0.927054 2 0.293547 0.971181 2
1 0.732358 0.848600 0.136730 0.045723 0.800723 0.871461 2 0.769259 0.859444 2 0.731725 0.846574 2 0.696701 0.835188 2 0.663993 0.825738 2
2 0.701713 0.727462 0.379803 0.124178 0.891615 0.665373 2 0.787847 0.686884 2 0.694491 0.718235 2 0.597685 0.752390 2 0.511811 0.789552 2
3 0.729543 0.181638 0.486898 0.015683 0.972992 0.173796 2 0.859387 0.186334 2 0.723293 0.189479 2 0.607841 0.185266 2 0.486094 0.174155 2
1 0.732182 0.091911 0.111759 0.175854 0.788061 0.179838 2 0.753044 0.135026 2 0.731690 0.089951 2 0.702616 0.046832 2 0.676302 0.003984 2
1 0.451496 0.101751 0.198281 0.141655 0.550637 0.172578 2 0.492089 0.136788 2 0.440509 0.100744 2 0.392951 0.065205 2 0.352355 0.030923 2
3 0.541062 0.008731 0.237818 0.013874 0.659971 0.001794 2 0.604485 0.012888 2 0.538009 0.015668 2 0.481620 0.011942 2 0.422153 0.002112 2
1 0.371970 0.032014 0.066742 0.026725 0.405341 0.018652 2 0.390017 0.026820 2 0.372558 0.033582 2 0.356227 0.040226 2 0.338600 0.045376 2
3 0.370573 0.247120 0.020729 0.051942 0.380937 0.221149 2 0.371325 0.234508 2 0.365584 0.246878 2 0.360208 0.261768 2 0.377454 0.273090 2
1 0.157656 0.250341 0.126852 0.038877 0.221082 0.230903 2 0.181308 0.237309 2 0.150428 0.246560 2 0.124398 0.257297 2 0.094230 0.269780 2
1 0.101730 0.234036 0.057940 0.014022 0.130700 0.227025 2 0.116997 0.231238 2 0.104838 0.234913 2 0.089213 0.237682 2 0.072760 0.241047 2
3 0.151120 0.271374 0.115284 0.095515 0.208762 0.223617 2 0.183536 0.250359 2 0.161505 0.277338 2 0.130017 0.296340 2 0.093478 0.319132 2
2 0.247876 0.207088 0.011331 0.020657 0.253542 0.217416 2 0.250706 0.212020 2 0.247876 0.206979 2 0.245041 0.202153 2 0.242211 0.196759 2
1 0.172917 0.156619 0.020521 0.092538 0.183177 0.202888 2 0.181395 0.180162 2 0.179734 0.154870 2 0.171296 0.132144 2 0.162656 0.110350 2
3 0.269013 0.203193 0.537066 0.056589 0.537546 0.231487 2 0.400862 0.223953 2 0.267934 0.225706 2 0.134792 0.207541 2 0.000480 0.174899 2
2 0.295414 0.587468 0.196591 0.034954 0.393709 0.569991 2 0.337772 0.576412 2 0.291186 0.587966 2 0.244618 0.596343 2 0.197118 0.604945 2
1 0.463359 0.603050 0.135677 0.060775 0.531198 0.572662 2 0.492442 0.589025 2 0.466152 0.601600 2 0.431319 0.616629 2 0.395521 0.633437 2
3 0.512017 0.568368 0.195179 0.005787 0.609606 0.565475 2 0.562766 0.570046 2 0.511157 0.569928 2 0.463212 0.570023 2 0.414427 0.571262 2
1 0.466013 0.761100 0.342870 0.027940 0.637448 0.747130 2 0.554178 0.755136 2 0.480775 0.762358 2 0.391128 0.771464 2 0.294578 0.775069 2
3 0.345926 0.778704 0.656505 0.056545 0.674178 0.750431 2 0.537448 0.776299 2 0.395174 0.806976 2 0.237187 0.769230 2 0.017674 0.760437 2
0 0.649959 0.564544 0.266667 0.856698 0.783293 0.992894 2 0.717251 0.663984 2 0.599491 0.379841 2 0.516626 0.136195 2 0.0 0.0 0
1 0.723015 0.043080 0.002257 0.041473 0.724144 0.063817 2 0.723391 0.053631 2 0.722830 0.042859 2 0.722263 0.032674 2 0.721887 0.022344 2
2 0.787237 0.053895 0.012622 0.056829 0.780926 0.082309 2 0.788119 0.067468 2 0.790214 0.053602 2 0.791192 0.040321 2 0.793547 0.025480 2
3 0.891340 0.081567 0.179566 0.015032 0.801557 0.089083 2 0.848015 0.087795 2 0.891840 0.087723 2 0.938102 0.083929 2 0.981123 0.074051 2
3 0.644236 0.118533 0.159792 0.021366 0.564340 0.129216 2 0.606198 0.123764 2 0.643397 0.118142 2 0.684919 0.113490 2 0.724132 0.107850 2
2 0.633987 0.248096 0.038935 0.027622 0.614520 0.234285 2 0.625747 0.242983 2 0.635816 0.249129 2 0.646198 0.255975 2 0.653455 0.261907 2
3 0.856840 0.200765 0.222975 0.031351 0.745353 0.216441 2 0.796418 0.200162 2 0.853524 0.191620 2 0.909977 0.185090 2 0.968328 0.190718 2
3 0.683672 0.226911 0.179207 0.001756 0.594068 0.227789 2 0.640937 0.227486 2 0.683009 0.226377 2 0.729074 0.226892 2 0.773275 0.226033 2
3 0.627407 0.282412 0.107870 0.018695 0.573472 0.273064 2 0.602645 0.275460 2 0.630133 0.279959 2 0.655237 0.286351 2 0.681343 0.291759 2
3 0.599968 0.263827 0.045550 0.009760 0.577193 0.268707 2 0.590295 0.265715 2 0.602731 0.262917 2 0.613061 0.261649 2 0.622743 0.258947 2
2 0.727578 0.289416 0.224358 0.049416 0.615399 0.264708 2 0.674427 0.280324 2 0.727378 0.291360 2 0.781973 0.303649 2 0.839757 0.314123 2
2 0.880463 0.295710 0.042153 0.077688 0.859387 0.334554 2 0.869728 0.314265 2 0.882286 0.296438 2 0.892164 0.277477 2 0.901539 0.256866 2
3 0.800122 0.353163 0.301053 0.018912 0.649595 0.362619 2 0.722992 0.350926 2 0.798906 0.345454 2 0.875133 0.346102 2 0.950648 0.343707 2
3 0.167555 0.348316 0.021626 0.010937 0.178368 0.353785 2 0.171117 0.351505 2 0.167159 0.348504 2 0.161510 0.345718 2 0.156742 0.342847 2
2 0.207491 0.317052 0.027321 0.067373 0.193831 0.350738 2 0.203860 0.332951 2 0.210457 0.316710 2 0.216777 0.301155 2 0.221152 0.283365 2
2 0.174575 0.380039 0.103825 0.023510 0.226487 0.368284 2 0.208547 0.376808 2 0.183038 0.384815 2 0.157720 0.390663 2 0.122662 0.391794 2
3 0.087439 0.383595 0.165932 0.037376 0.170405 0.364907 2 0.126435 0.376716 2 0.086950 0.387674 2 0.048432 0.396508 2 0.004473 0.402283 2
