3 0.828802 0.571502 0.339074 0.034334 0.998339 0.554334 2 0.921395 0.567115 2 0.839635 0.573079 2 0.751840 0.585654 2 0.659265 0.588669 2
2 0.925095 0.774207 0.146418 0.006678 0.998304 0.770868 2 0.962801 0.774216 2 0.924207 0.776097 2 0.888773 0.775946 2 0.851887 0.777546 2
3 0.864884 0.227637 0.263924 0.081334 0.996846 0.268304 2 0.923322 0.256305 2 0.848119 0.235883 2 0.784219 0.210990 2 0.732922 0.186970 2
1 0.868171 0.031209 0.259201 0.060590 0.997772 0.061505 2 0.928391 0.044149 2 0.865359 0.027344 2 0.802332 0.014022 2 0.738571 0.000914 2
1 0.861936 0.044405 0.271441 0.079164 0.997656 0.083987 2 0.919410 0.066183 2 0.850729 0.048113 2 0.781175 0.025961 2 0.726215 0.004823 2
1 0.763440 0.362080 0.135538 0.031053 0.831209 0.346554 2 0.794925 0.349988 2 0.757975 0.357648 2 0.728154 0.367457 2 0.695671 0.377607 2
1 0.718157 0.344909 0.063038 0.012144 0.749676 0.338837 2 0.729902 0.343533 2 0.714005 0.346496 2 0.698310 0.349566 2 0.686638 0.350981 2
1 0.796551 0.277697 0.014549 0.086562 0.798831 0.320978 2 0.803194 0.299974 2 0.803825 0.278492 2 0.796904 0.256733 2 0.789277 0.234416 2
3 0.795072 0.384525 0.090179 0.082326 0.840162 0.343362 2 0.826140 0.366849 2 0.808148 0.388799 2 0.785833 0.404769 2 0.749983 0.425689 2
2 0.981163 0.365036 0.023090 0.043903 0.976730 0.343084 2 0.972106 0.357248 2 0.969618 0.371458 2 0.971337 0.386241 2 0.992708 0.386988 2
2 0.520532 0.255919 0.157037 0.050744 0.599051 0.281291 2 0.559190 0.267462 2 0.520532 0.254462 2 0.481273 0.243168 2 0.442014 0.230547 2
3 0.695182 0.305729 0.176024 0.042292 0.783194 0.326875 2 0.735770 0.315978 2 0.692569 0.305816 2 0.653056 0.294899 2 0.607170 0.284583 2
3 0.893669 0.338785 0.208935 0.016632 0.998137 0.347101 2 0.938333 0.345110 2 0.884566 0.342326 2 0.837506 0.337755 2 0.789201 0.330469 2
1 0.405194 0.190203 0.305747 0.009635 0.558067 0.185399 2 0.480104 0.185385 2 0.396568 0.191713 2 0.322703 0.195020 2 0.252321 0.190784 2
1 0.566681 0.147036 0.022436 0.030124 0.555463 0.162098 2 0.560324 0.154248 2 0.566221 0.146473 2 0.571696 0.139051 2 0.577899 0.131973 2
1 0.604334 0.115774 0.058021 0.096722 0.633345 0.164135 2 0.614005 0.140385 2 0.599497 0.115258 2 0.584994 0.091508 2 0.575324 0.067413 2
2 0.647717 0.176341 0.002610 0.017867 0.649022 0.185275 2 0.648368 0.180608 2 0.647720 0.176250 2 0.647066 0.172075 2 0.646412 0.167407 2
2 0.838119 0.202642 0.000868 0.026997 0.838553 0.216140 2 0.838339 0.209089 2 0.838119 0.202503 2 0.837905 0.196195 2 0.837685 0.189144 2
2 0.945058 0.213293 0.054769 0.064815 0.972442 0.245700 2 0.958750 0.228770 2 0.945058 0.212957 2 0.931366 0.197813 2 0.917674 0.180885 2
1 0.040590 0.263348 0.076505 0.039902 0.002338 0.283299 2 0.024896 0.273304 2 0.046840 0.263299 2 0.064740 0.253229 2 0.078843 0.243397 2
2 0.026560 0.218358 0.047980 0.015472 0.002569 0.226094 2 0.014780 0.222295 2 0.026655 0.218388 2 0.038345 0.214421 2 0.050550 0.210622 2
2 0.119424 0.615758 0.234705 0.167650 0.002072 0.699583 2 0.084132 0.660666 2 0.147066 0.620784 2 0.195579 0.576502 2 0.236777 0.531933 2
1 0.703652 0.145204 0.064664 0.067925 0.735984 0.179167 2 0.714427 0.162486 2 0.698264 0.144841 2 0.682095 0.128163 2 0.671319 0.111241 2
1 0.824705 0.179165 0.008519 0.019320 0.828964 0.188825 2 0.826123 0.184083 2 0.823993 0.179063 2 0.821869 0.174317 2 0.820446 0.169505 2
3 0.630547 0.180412 0.184751 0.026878 0.722922 0.190492 2 0.672928 0.193851 2 0.620330 0.189948 2 0.578166 0.179983 2 0.538171 0.166973 2
2 0.605229 0.528922 0.106661 0.108678 0.658559 0.583261 2 0.635417 0.555382 2 0.609253 0.527607 2 0.579566 0.500200 2 0.551898 0.474583 2
3 0.770616 0.556748 0.020955 0.029300 0.781094 0.571398 2 0.775752 0.564389 2 0.770440 0.556881 2 0.765318 0.549494 2 0.760139 0.542098 2
1 0.943108 0.466448 0.013414 0.013018 0.949815 0.472957 2 0.945341 0.469760 2 0.941991 0.466380 2 0.938634 0.463183 2 0.936400 0.459939 2
3 0.811140 0.459426 0.373785 0.061444 0.998032 0.490148 2 0.888391 0.484633 2 0.787975 0.471331 2 0.706424 0.453371 2 0.624248 0.428704 2
