2 0.136322 0.384806 0.168791 0.037708 0.220718 0.365952 2 0.179763 0.375932 2 0.144618 0.385501 2 0.095486 0.395431 2 0.051927 0.403660 2
2 0.406395 0.583293 0.059618 0.019352 0.376586 0.573617 2 0.390266 0.578840 2 0.403970 0.584039 2 0.419647 0.588822 2 0.436204 0.592969 2
1 0.100032 0.683600 0.014647 0.118403 0.107355 0.624398 2 0.107072 0.655642 2 0.099641 0.687532 2 0.094676 0.716097 2 0.092708 0.742801 2
1 0.062729 0.595237 0.030446 0.014282 0.077951 0.602378 2 0.070538 0.598851 2 0.062598 0.595052 2 0.054653 0.591392 2 0.047506 0.588096 2
1 0.067598 0.591123 0.044722 0.038084 0.089959 0.610165 2 0.078547 0.600987 2 0.066319 0.591094 2 0.054091 0.581568 2 0.045237 0.572080 2
2 0.216453 0.657063 0.224641 0.103247 0.328773 0.605440 2 0.277315 0.633547 2 0.235706 0.660495 2 0.177541 0.688464 2 0.104132 0.708686 2
2 0.241149 0.593453 0.001997 0.028950 0.240150 0.607928 2 0.242147 0.600367 2 0.241719 0.593304 2 0.241285 0.586539 2 0.240856 0.578979 2
2 0.318562 0.500573 0.020168 0.008617 0.328646 0.504881 2 0.323605 0.502630 2 0.318565 0.500530 2 0.313519 0.498516 2 0.308478 0.496264 2
2 0.323953 0.482513 0.048218 0.035009 0.348061 0.500017 2 0.341458 0.490666 2 0.331916 0.482332 2 0.316927 0.473521 2 0.299844 0.465009 2
1 0.424986 0.365001 0.175793 0.104621 0.512882 0.417312 2 0.455122 0.391881 2 0.411806 0.364974 2 0.371840 0.338912 2 0.337089 0.312691 2
2 0.390527 0.470221 0.135532 0.005194 0.458293 0.472818 2 0.424410 0.471461 2 0.390527 0.470194 2 0.356644 0.468979 2 0.322760 0.467624 2
2 0.564094 0.428212 0.101302 0.015949 0.614745 0.436186 2 0.589421 0.432023 2 0.564091 0.428128 2 0.538767 0.424401 2 0.513443 0.420237 2
1 0.864965 0.379047 0.024363 0.065009 0.877147 0.411551 2 0.872662 0.393374 2 0.865833 0.377876 2 0.859850 0.361794 2 0.852784 0.346542 2
1 0.886892 0.477041 0.135567 0.082156 0.819109 0.518119 2 0.861192 0.496976 2 0.897905 0.478310 2 0.927731 0.458139 2 0.954676 0.435964 2
3 0.911120 0.428170 0.171777 0.003961 0.825231 0.426189 2 0.875266 0.426927 2 0.917506 0.427841 2 0.958796 0.428967 2 0.997008 0.430150 2
2 0.907705 0.614401 0.157321 0.175480 0.829045 0.526661 2 0.870399 0.570249 2 0.903576 0.616586 2 0.941169 0.655214 2 0.986366 0.702141 2
3 0.895344 0.570729 0.200770 0.037708 0.794959 0.551875 2 0.853443 0.558900 2 0.902807 0.567607 2 0.951065 0.578319 2 0.995729 0.589583 2
2 0.481629 0.628589 0.088466 0.002405 0.525862 0.628235 2 0.504456 0.627798 2 0.483044 0.627387 2 0.460220 0.628108 2 0.437396 0.629792 2
2 0.435017 0.660307 0.057442 0.001678 0.463738 0.661146 2 0.449375 0.660709 2 0.435017 0.660298 2 0.420660 0.659907 2 0.406296 0.659468 2
2 0.539456 0.217131 0.227836 0.023539 0.425538 0.205362 2 0.490590 0.206670 2 0.544693 0.214135 2 0.597101 0.221808 2 0.653374 0.228900 2
1 0.046953 0.170106 0.089925 0.094951 0.001991 0.217581 2 0.028310 0.192966 2 0.051696 0.171345 2 0.072830 0.148142 2 0.091916 0.122630 2
2 0.129198 0.162279 0.040249 0.000859 0.149323 0.162708 2 0.139259 0.162486 2 0.129196 0.162274 2 0.119132 0.162075 2 0.109074 0.161849 2
3 0.200145 0.161500 0.063148 0.002329 0.168571 0.162665 2 0.183501 0.161215 2 0.199005 0.160339 2 0.214358 0.160336 2 0.231719 0.160712 2
3 0.082601 0.209336 0.157240 0.091861 0.003981 0.255266 2 0.060700 0.246655 2 0.101794 0.217289 2 0.129537 0.196169 2 0.161221 0.163406 2
1 0.171481 0.208885 0.322106 0.020437 0.332535 0.198666 2 0.244063 0.206999 2 0.159641 0.215110 2 0.092870 0.219103 2 0.010428 0.216192 2
2 0.396531 0.206633 0.129172 0.033608 0.461117 0.189829 2 0.428727 0.197500 2 0.394844 0.205854 2 0.363530 0.213484 2 0.331944 0.223438 2
3 0.474416 0.209116 0.101875 0.032804 0.525353 0.192714 2 0.506603 0.202989 2 0.482390 0.212454 2 0.456609 0.220527 2 0.423478 0.225518 2
3 0.457002 0.159699 0.000000 0.020376 0.457002 0.169887 2 0.457002 0.164482 2 0.457002 0.159444 2 0.457002 0.154476 2 0.457002 0.149511 2
1 0.231047 0.078356 0.376019 0.148160 0.419057 0.152436 2 0.295168 0.112433 2 0.199711 0.073944 2 0.113675 0.037925 2 0.043038 0.004277 2
1 0.131024 0.025174 0.055845 0.046314 0.158947 0.048330 2 0.140336 0.036959 2 0.126372 0.024928 2 0.112407 0.013553 2 0.103102 0.002017 2
2 0.220182 0.095751 0.112703 0.113707 0.276534 0.152604 2 0.233264 0.126681 2 0.202066 0.099190 2 0.179931 0.069852 2 0.163831 0.038898 2
2 0.330880 0.204931 0.085914 0.058079 0.373837 0.175891 2 0.352992 0.191262 2 0.335104 0.205998 2 0.310093 0.221296 2 0.287922 0.233970 2
2 0.567928 0.237206 0.188461 0.014407 0.473698 0.244410 2 0.523837 0.237862 2 0.568275 0.235133 2 0.612760 0.233562 2 0.662159 0.230003 2
3 0.443880 0.244359 0.056742 0.013996 0.415509 0.237361 2 0.429907 0.239812 2 0.444236 0.242902 2 0.457558 0.246716 2 0.472251 0.251357 2
2 0.887969 0.286976 0.089676 0.025723 0.843131 0.299838 2 0.870203 0.296427 2 0.893281 0.291250 2 0.916748 0.284216 2 0.932807 0.274115 2
2 0.915437 0.252102 0.162205 0.070078 0.834334 0.287141 2 0.879416 0.277034 2 0.925995 0.260203 2 0.964132 0.239410 2 0.996539 0.217063 2
2 0.704141 0.290524 0.065272 0.008872 0.671505 0.286088 2 0.688663 0.288293 2 0.702425 0.290634 2 0.718027 0.292587 2 0.736777 0.294959 2
3 0.543102 0.275153 0.224606 0.019693 0.430799 0.265307 2 0.488756 0.268756 2 0.541626 0.275498 2 0.594358 0.282054 2 0.655405 0.285000 2
3 0.920041 0.200055 0.152407 0.030880 0.843837 0.215495 2 0.883050 0.204167 2 0.921719 0.195628 2 0.959734 0.187491 2 0.996244 0.184615 2
2 0.160619 0.254608 0.131609 0.031461 0.226424 0.270339 2 0.187697 0.268383 2 0.151302 0.263764 2 0.118108 0.250880 2 0.094815 0.238877 2
2 0.036186 0.294563 0.067130 0.019421 0.069751 0.304274 2 0.052969 0.299201 2 0.034769 0.294867 2 0.019404 0.289925 2 0.002622 0.284852 2
2 0.573872 0.657805 0.044931 0.029945 0.551406 0.642833 2 0.565492 0.650026 2 0.577448 0.656571 2 0.586325 0.664277 2 0.596337 0.672778 2
1 0.944523 0.834423 0.106198 0.034511 0.891424 0.817167 2 0.914363 0.827946 2 0.943553 0.837630 2 0.970619 0.845587 2 0.997622 0.851678 2
3 0.844161 0.792318 0.302720 0.080255 0.692801 0.752190 2 0.773403 0.773683 2 0.845330 0.794780 2 0.918617 0.815538 2 0.995521 0.832445 2
0 0.759942 0.379459 0.250741 0.750370 0.634572 0.754644 2 0.774086 0.510385 2 0.805266 0.252983 2 0.885312 0.004274 2 0.0 0.0 0
0 0.446421 0.420198 0.214219 0.644349 0.553530 0.742373 2 0.427043 0.522078 2 0.391291 0.310802 2 0.339311 0.098024 2 0.0 0.0 0
0 0.577642 0.855363 0.004115 0.196450 0.579699 0.953588 2 0.577234 0.885310 2 0.575584 0.821224 2 0.576412 0.757138 2 0.0 0.0 0
1 0.753973 0.036908 0.053073 0.068168 0.727436 0.070992 2 0.740839 0.054876 2 0.755955 0.037355 2 0.767622 0.020049 2 0.780509 0.002824 2
1 0.699013 0.169252 0.159010 0.019488 0.619508 0.178996 2 0.655561 0.175842 2 0.698443 0.170949 2 0.737760 0.164650 2 0.778519 0.159508 2
2 0.583845 0.063979 0.095700 0.004601 0.631696 0.066279 2 0.606418 0.065171 2 0.585064 0.065917 2 0.561944 0.064812 2 0.535995 0.061678 2
2 0.712526 0.029841 0.080365 0.057569 0.672344 0.058626 2 0.698594 0.047789 2 0.719722 0.034198 2 0.738686 0.017133 2 0.752708 0.001056 2
2 0.651198 0.034964 0.002917 0.045489 0.652656 0.057708 2 0.651927 0.045828 2 0.651198 0.034728 2 0.650469 0.024097 2 0.649740 0.012219 2
2 0.595836 0.031823 0.085017 0.054317 0.638345 0.058981 2 0.610475 0.048003 2 0.587951 0.034525 2 0.567361 0.022679 2 0.553328 0.004664 2
2 0.385894 0.057263 0.308848 0.109826 0.540318 0.112176 2 0.469803 0.075689 2 0.400822 0.049667 2 0.314942 0.025611 2 0.231470 0.002350 2
1 0.518270 0.155234 0.084086 0.028385 0.476227 0.141042 2 0.498443 0.147862 2 0.518657 0.154887 2 0.538148 0.161276 2 0.560312 0.169427 2
2 0.529563 0.151185 0.004080 0.042260 0.527523 0.130055 2 0.530243 0.139884 2 0.531603 0.150113 2 0.531424 0.160634 2 0.530272 0.172315 2
2 0.479314 0.148929 0.043189 0.029537 0.457720 0.134161 2 0.471059 0.141632 2 0.479491 0.149502 2 0.488414 0.155301 2 0.500909 0.163698 2
1 0.566745 0.092648 0.076059 0.010434 0.528715 0.097865 2 0.548970 0.096913 2 0.565926 0.094659 2 0.584549 0.091392 2 0.604774 0.087431 2
2 0.475726 0.107912 0.095828 0.028203 0.427812 0.122014 2 0.444473 0.114476 2 0.464844 0.108345 2 0.490168 0.101759 2 0.523640 0.093811 2
2 0.420321 0.114818 0.000041 0.012598 0.420341 0.121117 2 0.420330 0.117827 2 0.420324 0.114751 2 0.420312 0.111808 2 0.420301 0.108519 2
3 0.511337 0.109832 0.227836 0.045770 0.397419 0.132717 2 0.462286 0.126418 2 0.527905 0.117558 2 0.578154 0.103087 2 0.625255 0.086947 2
3 0.303568 0.039748 0.103038 0.052841 0.252049 0.066169 2 0.278322 0.052943 2 0.306024 0.038819 2 0.328895 0.028270 2 0.355087 0.013328 2
1 0.576256 0.122458 0.401377 0.152092 0.776944 0.046412 2 0.690451 0.106817 2 0.602899 0.142352 2 0.504120 0.171832 2 0.375567 0.198504 2
2 0.807922 0.031842 0.040637 0.061600 0.828241 0.001042 2 0.813935 0.015153 2 0.801580 0.029138 2 0.790156 0.045188 2 0.787604 0.062642 2
1 0.588356 0.105775 0.007049 0.138137 0.588524 0.174844 2 0.584832 0.140923 2 0.591881 0.105289 2 0.586846 0.071120 2 0.586510 0.036707 2
3 0.954306 0.033817 0.085046 0.002703 0.911782 0.035168 2 0.934051 0.034074 2 0.956013 0.033249 2 0.977598 0.032465 2 0.996829 0.033695 2
1 0.242700 0.026845 0.000874 0.027821 0.243137 0.040755 2 0.242847 0.033924 2 0.242627 0.026696 2 0.242407 0.019864 2 0.242263 0.012934 2
1 0.195894 0.089906 0.244126 0.065339 0.317957 0.122575 2 0.253212 0.117717 2 0.180440 0.111100 2 0.113958 0.088631 2 0.073831 0.057237 2
2 0.074977 0.087363 0.112685 0.007023 0.131319 0.083851 2 0.107101 0.085113 2 0.078495 0.088591 2 0.047101 0.090874 2 0.018634 0.088090 2
1 0.033947 0.083248 0.063623 0.006432 0.065758 0.080032 2 0.045741 0.082457 2 0.030284 0.083767 2 0.017355 0.084826 2 0.002135 0.086464 2
3 0.270339 0.082742 0.076152 0.027266 0.308414 0.096374 2 0.287795 0.089306 2 0.267940 0.083663 2 0.247546 0.077827 2 0.232263 0.069109 2
1 0.151927 0.096687 0.296111 0.094057 0.299983 0.143715 2 0.199601 0.123345 2 0.123895 0.102685 2 0.051128 0.079378 2 0.003872 0.049659 2
3 0.499187 0.720106 0.224531 0.016282 0.611453 0.720061 2 0.561354 0.715446 2 0.502043 0.711965 2 0.445984 0.717208 2 0.386921 0.728247 2
3 0.602876 0.644125 0.231146 0.018903 0.718449 0.636230 2 0.661100 0.635136 2 0.603299 0.634673 2 0.547240 0.639916 2 0.487303 0.653576 2
3 0.398900 0.645013 0.237095 0.016994 0.517448 0.636516 2 0.453565 0.640773 2 0.402292 0.647133 2 0.346233 0.648079 2 0.280353 0.653510 2
3 0.428955 0.679084 0.082112 0.034852 0.470012 0.661658 2 0.447830 0.671027 2 0.430532 0.678753 2 0.410596 0.686777 2 0.387899 0.696510 2
3 0.589106 0.662053 0.210179 0.007462 0.694196 0.659549 2 0.640932 0.658322 2 0.591024 0.658990 2 0.537523 0.662885 2 0.484016 0.665784 2
3 0.531748 0.477017 0.387303 0.068171 0.725399 0.447992 2 0.617720 0.442931 2 0.544977 0.459676 2 0.450365 0.483626 2 0.338096 0.511102 2
3 0.370651 0.551723 0.054809 0.093406 0.398056 0.505020 2 0.388785 0.526562 2 0.384080 0.549022 2 0.368848 0.572943 2 0.343247 0.598426 2
3 0.240593 0.581808 0.257008 0.071406 0.369097 0.546105 2 0.311192 0.568822 2 0.257280 0.596016 2 0.189236 0.614861 2 0.112089 0.617512 2
3 0.180350 0.447597 0.351140 0.018417 0.355920 0.445781 2 0.270336 0.438388 2 0.189705 0.441400 2 0.097199 0.449187 2 0.004780 0.456806 2
3 0.290556 0.373814 0.135845 0.025376 0.358478 0.386502 2 0.324178 0.379902 2 0.291962 0.373828 2 0.257274 0.367509 2 0.222633 0.361126 2
3 0.297610 0.336772 0.161655 0.032422 0.378438 0.352983 2 0.335110 0.347069 2 0.288802 0.341615 2 0.250041 0.333328 2 0.216782 0.320561 2
3 0.185634 0.277526 0.356730 0.056447 0.363999 0.249303 2 0.279115 0.260428 2 0.205469 0.283356 2 0.119253 0.305122 2 0.007269 0.305749 2
3 0.504520 0.194157 0.516412 0.066548 0.762726 0.227431 2 0.648108 0.199659 2 0.523970 0.183877 2 0.397020 0.169569 2 0.246314 0.160883 2
3 0.138166 0.070774 0.164688 0.016201 0.220509 0.069013 2 0.178391 0.077355 2 0.135318 0.078874 2 0.092517 0.074633 2 0.055822 0.062674 2
3 0.725622 0.080336 0.156337 0.007008 0.803791 0.083840 2 0.764688 0.079375 2 0.725700 0.076832 2 0.687888 0.077135 2 0.647454 0.077925 2
3 0.597763 0.099909 0.110538 0.041444 0.653032 0.079187 2 0.635336 0.093423 2 0.608131 0.103631 2 0.581609 0.111285 2 0.542494 0.120631 2
3 0.739164 0.101509 0.104010 0.032329 0.791169 0.117674 2 0.763640 0.111195 2 0.733709 0.102867 2 0.710990 0.095874 2 0.687159 0.085344 2
