3 0.090830 0.660590 0.172193 0.004751 0.176927 0.658215 2 0.129300 0.659167 2 0.091157 0.660515 2 0.046400 0.661128 2 0.004734 0.662966 2
3 0.067546 0.546421 0.127199 0.010793 0.131146 0.541024 2 0.096267 0.542248 2 0.069288 0.543802 2 0.036024 0.548229 2 0.003947 0.551817 2
1 0.148750 0.519116 0.059005 0.007937 0.178252 0.515148 2 0.163079 0.518545 2 0.148449 0.520937 2 0.134311 0.522862 2 0.119248 0.523084 2
3 0.050749 0.354039 0.093848 0.015561 0.097674 0.361820 2 0.085122 0.353634 2 0.060561 0.348328 2 0.032679 0.347240 2 0.003825 0.346259 2
3 0.037700 0.281344 0.067749 0.029065 0.071574 0.295877 2 0.058050 0.284922 2 0.040943 0.276693 2 0.022546 0.270946 2 0.003825 0.266811 2
1 0.239919 0.202834 0.000972 0.042781 0.240405 0.224225 2 0.240081 0.213721 2 0.239838 0.202607 2 0.239595 0.192101 2 0.239433 0.181444 2
2 0.273487 0.210742 0.000966 0.048591 0.273970 0.235038 2 0.273727 0.222347 2 0.273484 0.210492 2 0.273241 0.199138 2 0.273003 0.186447 2
2 0.475836 0.216225 0.013733 0.019256 0.468970 0.225854 2 0.473432 0.221311 2 0.477106 0.216811 2 0.480179 0.212269 2 0.482703 0.206597 2
3 0.397112 0.225204 0.234340 0.039777 0.279942 0.240370 2 0.345972 0.245093 2 0.414554 0.242448 2 0.472124 0.227983 2 0.514282 0.205315 2
3 0.179167 0.260041 0.141597 0.010104 0.108368 0.265093 2 0.147112 0.260249 2 0.181707 0.259239 2 0.213657 0.256493 2 0.249965 0.254988 2
0 0.237347 0.628070 0.334416 0.728866 0.404554 0.992503 2 0.259606 0.749164 2 0.164416 0.497650 2 0.070139 0.263637 2 0.0 0.0 0
3 0.294262 0.337801 0.094138 0.020422 0.247193 0.348012 2 0.275237 0.339216 2 0.299942 0.335388 2 0.322946 0.331470 2 0.341331 0.327590 2
3 0.197468 0.356162 0.144068 0.001212 0.125434 0.356597 2 0.165926 0.356357 2 0.204340 0.355556 2 0.238293 0.356186 2 0.269502 0.356768 2
1 0.279543 0.372905 0.012616 0.043530 0.273235 0.394670 2 0.280503 0.383727 2 0.283322 0.372844 2 0.285017 0.362462 2 0.285851 0.351140 2
3 0.254650 0.395748 0.059485 0.004800 0.224907 0.393348 2 0.240654 0.397190 2 0.257083 0.398148 2 0.272303 0.396383 2 0.284392 0.394144 2
3 0.196001 0.397329 0.056250 0.016921 0.167876 0.405790 2 0.187969 0.400859 2 0.198686 0.396641 2 0.212448 0.392251 2 0.224126 0.388869 2
1 0.251444 0.412344 0.174172 0.045185 0.164358 0.389751 2 0.213027 0.403241 2 0.259838 0.416632 2 0.297228 0.426256 2 0.338530 0.434936 2
2 0.201927 0.405738 0.072465 0.016383 0.165694 0.397546 2 0.182818 0.402286 2 0.200949 0.406942 2 0.219103 0.410645 2 0.238160 0.413929 2
2 0.382595 0.423001 0.037587 0.064508 0.363802 0.455255 2 0.374358 0.438626 2 0.383843 0.422769 2 0.392697 0.407378 2 0.401389 0.390747 2
3 0.426678 0.454135 0.447789 0.038964 0.202784 0.473617 2 0.330093 0.461563 2 0.448843 0.464361 2 0.548929 0.455830 2 0.650573 0.434653 2
1 0.171253 0.349880 0.015527 0.082156 0.179016 0.390958 2 0.172535 0.370972 2 0.168275 0.348322 2 0.165521 0.329268 2 0.163490 0.308802 2
1 0.262766 0.530051 0.083646 0.004013 0.304589 0.530333 2 0.280561 0.532057 2 0.259850 0.530926 2 0.239138 0.529959 2 0.220943 0.528044 2
3 0.292269 0.634790 0.051215 0.006183 0.266661 0.637882 2 0.280075 0.635966 2 0.292164 0.634497 2 0.304699 0.633058 2 0.317876 0.631698 2
3 0.480966 0.754223 0.270000 0.051241 0.345966 0.779844 2 0.409664 0.762060 2 0.474439 0.751403 2 0.548461 0.740240 2 0.615966 0.728602 2
3 0.483319 0.979036 0.048038 0.022153 0.459300 0.990113 2 0.471157 0.983275 2 0.483374 0.977743 2 0.494693 0.972558 2 0.507338 0.967960 2
1 0.430761 0.904149 0.130179 0.037413 0.495851 0.922856 2 0.458189 0.910362 2 0.421927 0.900341 2 0.395405 0.893440 2 0.365671 0.885443 2
2 0.371924 0.963258 0.310781 0.068513 0.527315 0.929002 2 0.448953 0.929337 2 0.366146 0.944193 2 0.293038 0.967665 2 0.216534 0.997514 2
3 0.318351 0.719094 0.625556 0.097905 0.631128 0.670142 2 0.489988 0.696033 2 0.342332 0.727381 2 0.173681 0.751062 2 0.005573 0.768047 2
3 0.271264 0.503367 0.423304 0.035998 0.482917 0.502720 2 0.388860 0.520220 2 0.281522 0.521366 2 0.168808 0.507841 2 0.059612 0.485367 2
3 0.583310 0.500820 0.196771 0.021085 0.681696 0.511363 2 0.635116 0.510359 2 0.584531 0.505081 2 0.535145 0.498333 2 0.484925 0.490278 2
2 0.553929 0.305252 0.145891 0.055700 0.480984 0.333102 2 0.526638 0.325822 2 0.564722 0.314308 2 0.600197 0.297075 2 0.626875 0.277402 2
1 0.514884 0.283067 0.075035 0.095556 0.477367 0.330845 2 0.500648 0.307656 2 0.519352 0.283302 2 0.536383 0.259606 2 0.552402 0.235289 2
1 0.335541 0.259223 0.136140 0.129389 0.403611 0.323918 2 0.365856 0.290252 2 0.331962 0.259242 2 0.301412 0.226134 2 0.267471 0.194528 2
1 0.567622 0.195797 0.015521 0.281409 0.575382 0.336502 2 0.570208 0.267402 2 0.566331 0.194297 2 0.575278 0.123799 2 0.559861 0.055093 2
3 0.535104 0.332891 0.378275 0.019832 0.724242 0.337740 2 0.629398 0.342807 2 0.530764 0.341264 2 0.443229 0.334685 2 0.345966 0.322975 2
1 0.083779 0.076233 0.152280 0.027089 0.159919 0.089777 2 0.109161 0.083125 2 0.071088 0.076088 2 0.033021 0.069436 2 0.007639 0.062688 2
1 0.127569 0.114021 0.247685 0.054933 0.251412 0.141487 2 0.190602 0.125770 2 0.128125 0.109823 2 0.062859 0.096615 2 0.003727 0.086554 2
1 0.316722 0.174356 0.073976 0.022271 0.353709 0.185492 2 0.333825 0.179638 2 0.312135 0.173652 2 0.297031 0.168380 2 0.279734 0.163220 2
1 0.353712 0.198566 0.035203 0.019239 0.371314 0.188947 2 0.361024 0.194398 2 0.351846 0.199615 2 0.345156 0.204803 2 0.336111 0.208186 2
3 0.498845 0.135266 0.640885 0.126904 0.819288 0.085064 2 0.649028 0.142789 2 0.489207 0.198718 2 0.302083 0.150524 2 0.178403 0.071814 2
3 0.975466 0.084582 0.042656 0.008793 0.954138 0.088979 2 0.965197 0.086314 2 0.975480 0.083799 2 0.986314 0.082219 2 0.996794 0.080185 2
2 0.949233 0.288064 0.097899 0.009439 0.900284 0.291617 2 0.927431 0.292784 2 0.953426 0.291953 2 0.975880 0.288093 2 0.998183 0.283345 2
3 0.941991 0.269201 0.111111 0.037106 0.886435 0.287755 2 0.920087 0.280599 2 0.950417 0.273058 2 0.975058 0.261626 2 0.997546 0.250648 2
3 0.939575 0.353976 0.115237 0.005521 0.881956 0.356736 2 0.912378 0.355694 2 0.940370 0.352231 2 0.969057 0.352005 2 0.997193 0.351215 2
3 0.925709 0.441317 0.141291 0.025521 0.855064 0.454077 2 0.892170 0.446571 2 0.929491 0.441745 2 0.964433 0.436719 2 0.996354 0.428556 2
3 0.922121 0.460819 0.148513 0.006725 0.847865 0.464181 2 0.887072 0.462914 2 0.923148 0.458695 2 0.960122 0.458420 2 0.996377 0.457457 2
2 0.915014 0.539747 0.163466 0.006837 0.833281 0.536328 2 0.874699 0.537677 2 0.912020 0.542028 2 0.955324 0.543166 2 0.996748 0.538935 2
3 0.885153 0.655764 0.223547 0.081620 0.773380 0.696574 2 0.831904 0.680943 2 0.892951 0.664089 2 0.946846 0.641418 2 0.996927 0.614954 2
3 0.947737 0.650396 0.098310 0.055376 0.898582 0.678084 2 0.925098 0.661814 2 0.949340 0.647966 2 0.973304 0.634540 2 0.996892 0.622708 2
2 0.953545 0.699559 0.086881 0.011317 0.996985 0.705217 2 0.975266 0.705006 2 0.952575 0.703212 2 0.930532 0.699115 2 0.910104 0.693900 2
3 0.886727 0.696887 0.222309 0.038617 0.775573 0.716195 2 0.830122 0.701733 2 0.882668 0.690058 2 0.939740 0.682422 2 0.997882 0.677578 2
2 0.878044 0.800985 0.235868 0.007607 0.760110 0.797431 2 0.822269 0.797182 2 0.881725 0.798148 2 0.937685 0.801554 2 0.995978 0.804789 2
2 0.863383 0.860537 0.266834 0.022173 0.729965 0.871623 2 0.793137 0.858831 2 0.855567 0.851146 2 0.929439 0.849450 2 0.996800 0.849905 2
2 0.875694 0.917811 0.241100 0.057509 0.755145 0.889057 2 0.805700 0.910396 2 0.866418 0.928585 2 0.932211 0.940330 2 0.996244 0.946565 2
3 0.856059 0.884946 0.277650 0.014071 0.717234 0.881791 2 0.792703 0.877911 2 0.862303 0.880726 2 0.929057 0.887312 2 0.994884 0.891982 2
2 0.692546 0.037951 0.037546 0.069473 0.711319 0.003215 2 0.701169 0.021221 2 0.692193 0.038247 2 0.683929 0.054682 2 0.673773 0.072688 2
1 0.563869 0.022318 0.018918 0.038258 0.573328 0.003189 2 0.572269 0.012347 2 0.568918 0.021846 2 0.561262 0.031863 2 0.554410 0.041447 2
1 0.462610 0.041735 0.022708 0.079511 0.473964 0.001979 2 0.472691 0.021013 2 0.468669 0.040752 2 0.459479 0.061574 2 0.451256 0.081490 2
0 0.759334 0.501843 0.266296 0.978698 0.626186 0.991192 2 0.730897 0.629769 2 0.820428 0.329699 2 0.892483 0.012494 2 0.0 0.0 0
