3 0.722642 0.727491 0.419381 0.044942 0.932332 0.705020 2 0.824398 0.718206 2 0.725868 0.729740 2 0.613854 0.740961 2 0.512951 0.749962 2
3 0.864499 0.612792 0.220422 0.035260 0.974711 0.595162 2 0.917980 0.605506 2 0.863652 0.610463 2 0.809867 0.618429 2 0.754288 0.630422 2
2 0.412752 0.761396 0.122726 0.017179 0.474115 0.752807 2 0.442575 0.760622 2 0.411557 0.765648 2 0.381603 0.769239 2 0.351389 0.769986 2
2 0.479216 0.771495 0.026811 0.032740 0.492622 0.755124 2 0.485289 0.763545 2 0.478924 0.771603 2 0.473148 0.779444 2 0.465810 0.787865 2
3 0.802263 0.632269 0.008935 0.013003 0.806730 0.625767 2 0.804606 0.628605 2 0.802228 0.631513 2 0.799873 0.635281 2 0.797795 0.638770 2
1 0.653414 0.665569 0.180266 0.064986 0.743547 0.633076 2 0.693611 0.648999 2 0.649659 0.665483 2 0.608918 0.682289 2 0.563281 0.698061 2
1 0.640726 0.726684 0.221615 0.182089 0.751534 0.635639 2 0.687743 0.682159 2 0.644896 0.728313 2 0.598895 0.772908 2 0.529919 0.817729 2
3 0.725851 0.574701 0.220116 0.020593 0.835909 0.584997 2 0.781372 0.576808 2 0.731539 0.570637 2 0.676250 0.565911 2 0.615793 0.564404 2
2 0.478704 0.636008 0.252164 0.141629 0.604786 0.565194 2 0.515527 0.589812 2 0.469016 0.634751 2 0.431429 0.672859 2 0.352622 0.706823 2
2 0.638163 0.608605 0.113721 0.062645 0.695023 0.577283 2 0.655573 0.591479 2 0.631493 0.607283 2 0.607940 0.623192 2 0.581302 0.639928 2
3 0.717972 0.505288 0.546024 0.021317 0.990984 0.494630 2 0.850457 0.497558 2 0.715868 0.503880 2 0.583588 0.511071 2 0.444959 0.515946 2
3 0.549583 0.503019 0.016100 0.010576 0.557633 0.508307 2 0.552957 0.505651 2 0.548553 0.503186 2 0.545324 0.500359 2 0.541534 0.497731 2
2 0.592734 0.522661 0.060770 0.034442 0.623119 0.505440 2 0.607668 0.512274 2 0.588420 0.521259 2 0.574091 0.529624 2 0.562350 0.539881 2
1 0.303669 0.606978 0.502905 0.122995 0.555122 0.545480 2 0.456181 0.590263 2 0.349404 0.628984 2 0.202488 0.661186 2 0.052216 0.668475 2
1 0.338345 0.582079 0.172928 0.069193 0.424809 0.547483 2 0.395503 0.571400 2 0.352118 0.587781 2 0.305359 0.603113 2 0.251881 0.616675 2
3 0.693492 0.474676 0.260179 0.009375 0.823582 0.472124 2 0.750191 0.469988 2 0.693397 0.473061 2 0.629925 0.476817 2 0.563403 0.479363 2
2 0.309670 0.469878 0.494525 0.069497 0.556933 0.483828 2 0.442541 0.504627 2 0.310949 0.503634 2 0.198067 0.471725 2 0.062407 0.435130 2
3 0.952726 0.440530 0.090451 0.003056 0.907500 0.442057 2 0.929601 0.440029 2 0.950428 0.439002 2 0.973252 0.439031 2 0.997951 0.439549 2
1 0.954676 0.465337 0.087535 0.016519 0.910909 0.457078 2 0.935249 0.458591 2 0.958096 0.462671 2 0.979473 0.467734 2 0.998443 0.473597 2
3 0.800680 0.298644 0.393328 0.121560 0.997344 0.359424 2 0.877986 0.331276 2 0.776968 0.306461 2 0.689803 0.278652 2 0.604016 0.237865 2
3 0.412014 0.196771 0.393322 0.121557 0.608675 0.257549 2 0.489317 0.229401 2 0.388304 0.204589 2 0.301140 0.176777 2 0.215353 0.135992 2
1 0.096250 0.097114 0.182222 0.066814 0.187361 0.130521 2 0.137836 0.111644 2 0.090631 0.094774 2 0.046065 0.078206 2 0.005139 0.063707 2
1 0.431418 0.134755 0.304155 0.143498 0.583495 0.206505 2 0.494427 0.171282 2 0.419543 0.132656 2 0.352575 0.096771 2 0.279340 0.063006 2
2 0.125946 0.185116 0.242830 0.010828 0.247361 0.179702 2 0.194155 0.187514 2 0.130527 0.189413 2 0.066973 0.190530 2 0.004531 0.189106 2
2 0.776476 0.228773 0.105706 0.059687 0.723623 0.258617 2 0.742135 0.241927 2 0.767853 0.225851 2 0.796302 0.211991 2 0.829329 0.198929 2
1 0.547867 0.311263 0.274797 0.027190 0.685266 0.297668 2 0.616979 0.307159 2 0.546632 0.317326 2 0.480243 0.324858 2 0.410469 0.324161 2
2 0.892928 0.347290 0.210081 0.041976 0.997969 0.326302 2 0.939219 0.330660 2 0.882674 0.345350 2 0.834716 0.356068 2 0.787888 0.368278 2
1 0.933151 0.299311 0.129716 0.010220 0.868293 0.304421 2 0.899120 0.299847 2 0.931296 0.296667 2 0.964103 0.294959 2 0.998009 0.294201 2
3 0.916157 0.284628 0.162859 0.010541 0.834728 0.280784 2 0.875544 0.279358 2 0.914109 0.279656 2 0.955069 0.283840 2 0.997587 0.289899 2
1 0.914687 0.253390 0.166181 0.011091 0.831597 0.248374 2 0.875093 0.247844 2 0.920417 0.250414 2 0.955046 0.253976 2 0.997778 0.258935 2
3 0.921094 0.201165 0.148657 0.002503 0.846765 0.200252 2 0.884022 0.199913 2 0.919225 0.199986 2 0.956609 0.200978 2 0.995422 0.202416 2
3 0.897951 0.199553 0.194861 0.019152 0.800521 0.189977 2 0.849236 0.191739 2 0.885966 0.194291 2 0.939010 0.203302 2 0.995382 0.209129 2
3 0.905874 0.212234 0.026863 0.024022 0.892442 0.200223 2 0.901128 0.205830 2 0.907992 0.211279 2 0.913773 0.217465 2 0.919306 0.224245 2
3 0.843877 0.108416 0.118032 0.018799 0.784861 0.117815 2 0.812980 0.109505 2 0.841574 0.103368 2 0.871534 0.102393 2 0.902894 0.099016 2
3 0.934959 0.138306 0.123692 0.061455 0.873113 0.107578 2 0.900249 0.121470 2 0.925856 0.134971 2 0.959896 0.151027 2 0.996806 0.169034 2
2 0.959931 0.175645 0.001377 0.032986 0.959242 0.159152 2 0.959589 0.167766 2 0.959931 0.175816 2 0.960272 0.183521 2 0.960619 0.192138 2
2 0.805535 0.154457 0.039253 0.026519 0.785909 0.167717 2 0.796175 0.160793 2 0.805747 0.154320 2 0.814902 0.148119 2 0.825162 0.141198 2
2 0.955356 0.081609 0.080978 0.026522 0.914867 0.094870 2 0.935584 0.088863 2 0.955787 0.082161 2 0.974676 0.075958 2 0.995845 0.068348 2
3 0.577532 0.084366 0.248061 0.036169 0.701562 0.102451 2 0.638779 0.086016 2 0.573831 0.080304 2 0.511667 0.076950 2 0.453501 0.066282 2
1 0.571117 0.037057 0.062766 0.071725 0.602500 0.072920 2 0.581580 0.055307 2 0.565885 0.036675 2 0.550191 0.019062 2 0.539734 0.001195 2
1 0.498727 0.053436 0.024282 0.027514 0.510868 0.067193 2 0.502772 0.060437 2 0.496701 0.053290 2 0.490631 0.046534 2 0.486586 0.039679 2
1 0.469861 0.078750 0.211215 0.035532 0.575469 0.088041 2 0.504606 0.096516 2 0.444010 0.089488 2 0.397622 0.075512 2 0.364253 0.060984 2
1 0.247190 0.047598 0.435874 0.083559 0.465127 0.074520 2 0.325943 0.089378 2 0.201834 0.077841 2 0.104797 0.049453 2 0.029253 0.005819 2
0 0.975055 0.860473 0.033663 0.270483 0.958223 0.995715 2 0.962078 0.901496 2 0.976823 0.813313 2 0.991887 0.725231 2 0.0 0.0 0
0 0.841765 0.447018 0.190567 0.728099 0.937049 0.811068 2 0.879491 0.547338 2 0.812112 0.299146 2 0.746481 0.082969 2 0.0 0.0 0
