1 0.191834 0.328769 0.063241 0.076293 0.160214 0.366916 2 0.175145 0.348226 2 0.187222 0.333229 2 0.205255 0.313504 2 0.223455 0.290622 2
2 0.546713 0.414115 0.174248 0.060747 0.459589 0.444488 2 0.519352 0.435767 2 0.564763 0.422902 2 0.603970 0.403588 2 0.633837 0.383741 2
2 0.329236 0.377730 0.025255 0.067468 0.316609 0.411464 2 0.323229 0.393845 2 0.329381 0.377384 2 0.335249 0.361615 2 0.341863 0.343996 2
3 0.253186 0.434868 0.040226 0.023064 0.233073 0.446400 2 0.242818 0.440043 2 0.251817 0.434091 2 0.263189 0.428877 2 0.273299 0.423336 2
3 0.344358 0.409510 0.213056 0.068655 0.237830 0.375182 2 0.286962 0.399268 2 0.333866 0.420567 2 0.377639 0.434491 2 0.450885 0.443837 2
2 0.221276 0.405845 0.067853 0.049363 0.187350 0.381163 2 0.201418 0.395240 2 0.218750 0.408345 2 0.235579 0.419968 2 0.255203 0.430527 2
2 0.059378 0.374565 0.057656 0.032532 0.030550 0.358299 2 0.041615 0.369913 2 0.048206 0.380023 2 0.060046 0.390830 2 0.088206 0.390072 2
3 0.115666 0.364793 0.229063 0.016097 0.001134 0.356745 2 0.062766 0.360660 2 0.120573 0.367089 2 0.174902 0.372538 2 0.230197 0.372841 2
1 0.100613 0.482840 0.196956 0.038932 0.002135 0.502306 2 0.059687 0.495095 2 0.103733 0.488472 2 0.146684 0.478189 2 0.199091 0.463374 2
2 0.264757 0.487840 0.064699 0.053608 0.232407 0.461036 2 0.253999 0.474991 2 0.268414 0.488096 2 0.283061 0.500692 2 0.297106 0.514644 2
2 0.427520 0.469495 0.177321 0.016953 0.338860 0.461019 2 0.382078 0.473840 2 0.429294 0.477972 2 0.476991 0.473970 2 0.516181 0.466667 2
2 0.813455 0.495907 0.137662 0.010049 0.882286 0.490883 2 0.845075 0.496204 2 0.812407 0.499508 2 0.783235 0.500932 2 0.744624 0.500666 2
1 0.708533 0.471140 0.131024 0.056429 0.774045 0.499355 2 0.730370 0.485498 2 0.697616 0.470839 2 0.669051 0.456982 2 0.643021 0.442925 2
1 0.805796 0.433766 0.151001 0.101432 0.881296 0.484482 2 0.830961 0.464404 2 0.792610 0.439563 2 0.755463 0.408316 2 0.730295 0.383050 2
3 0.940784 0.471646 0.112922 0.031262 0.997245 0.456016 2 0.969196 0.458782 2 0.938808 0.469737 2 0.914167 0.480475 2 0.884323 0.487277 2
2 0.898782 0.361866 0.198212 0.012321 0.997888 0.355706 2 0.951302 0.362211 2 0.901476 0.366623 2 0.856319 0.368021 2 0.799676 0.368027 2
1 0.911612 0.173767 0.170318 0.216094 0.996771 0.281814 2 0.929514 0.236299 2 0.878547 0.183096 2 0.849809 0.123116 2 0.826453 0.065720 2
1 0.848299 0.059628 0.298727 0.064702 0.997662 0.087410 2 0.902002 0.091979 2 0.810966 0.078727 2 0.738802 0.052060 2 0.698935 0.027277 2
1 0.981484 0.026277 0.035689 0.040593 0.999329 0.046574 2 0.989346 0.036001 2 0.978738 0.026181 2 0.970150 0.015269 2 0.963640 0.005981 2
3 0.198371 0.455275 0.386267 0.005677 0.005237 0.452558 2 0.114265 0.458113 2 0.212853 0.455038 2 0.301447 0.452595 2 0.391505 0.452436 2
3 0.089905 0.156460 0.165851 0.020489 0.006979 0.146215 2 0.051447 0.151169 2 0.092957 0.155744 2 0.132564 0.161551 2 0.172830 0.166704 2
1 0.416765 0.191613 0.158623 0.222341 0.337454 0.302784 2 0.374896 0.253391 2 0.410995 0.204251 2 0.457668 0.141331 2 0.496076 0.080443 2
2 0.500784 0.375809 0.268837 0.038313 0.366366 0.394965 2 0.461898 0.390703 2 0.530637 0.382286 2 0.589988 0.369641 2 0.635203 0.356652 2
3 0.266693 0.285051 0.170793 0.210998 0.181296 0.179552 2 0.209242 0.244708 2 0.250984 0.307017 2 0.294462 0.355107 2 0.352089 0.390550 2
