2 0.136999 0.735551 0.001649 0.035738 0.137824 0.753420 2 0.137407 0.744086 2 0.136997 0.735367 2 0.136586 0.727017 2 0.136175 0.717682 2
1 0.298683 0.793669 0.161279 0.159282 0.218044 0.873310 2 0.277512 0.841227 2 0.318843 0.800689 2 0.350237 0.758429 2 0.379323 0.714028 2
2 0.900124 0.722941 0.194427 0.017572 0.802911 0.722425 2 0.848189 0.729641 2 0.893027 0.731727 2 0.941684 0.727483 2 0.997338 0.714155 2
3 0.853351 0.681916 0.285822 0.058003 0.710440 0.710917 2 0.780683 0.690833 2 0.857216 0.677280 2 0.920706 0.666707 2 0.996262 0.652914 2
2 0.879774 0.659622 0.052558 0.020755 0.853495 0.670000 2 0.870347 0.665486 2 0.881551 0.660231 2 0.893316 0.654609 2 0.906053 0.649245 2
2 0.351863 0.951238 0.125532 0.091806 0.289097 0.905336 2 0.324803 0.928542 2 0.357523 0.950668 2 0.383958 0.973021 2 0.414630 0.997141 2
2 0.340590 0.771564 0.354444 0.021959 0.163368 0.771811 2 0.248744 0.777841 2 0.331314 0.782543 2 0.421997 0.777645 2 0.517813 0.760584 2
2 0.189670 0.857127 0.175868 0.141753 0.101736 0.786250 2 0.145503 0.823218 2 0.189578 0.857833 2 0.233837 0.891033 2 0.277604 0.928003 2
3 0.571160 0.755696 0.449624 0.067578 0.346348 0.789485 2 0.457164 0.764225 2 0.578906 0.751855 2 0.677726 0.736516 2 0.795972 0.721907 2
3 0.114705 0.811020 0.193681 0.009465 0.211545 0.809659 2 0.165712 0.806288 2 0.114531 0.810266 2 0.068843 0.814036 2 0.017865 0.815752 2
3 0.472888 0.726214 0.436921 0.022306 0.254427 0.737367 2 0.368628 0.731875 2 0.483194 0.725865 2 0.578247 0.721175 2 0.691348 0.715061 2
3 0.127402 0.766445 0.242465 0.079372 0.006169 0.806131 2 0.069543 0.786589 2 0.133125 0.765205 2 0.185868 0.748521 2 0.248634 0.726759 2
2 0.217911 0.417922 0.145301 0.036603 0.290561 0.436224 2 0.254236 0.426999 2 0.217911 0.417604 2 0.181586 0.409112 2 0.145260 0.399621 2
3 0.323556 0.449708 0.056603 0.033067 0.351858 0.466241 2 0.343079 0.457801 2 0.325874 0.448900 2 0.311169 0.440310 2 0.295255 0.433174 2
1 0.052691 0.555420 0.101215 0.019491 0.103299 0.565165 2 0.074780 0.558090 2 0.049954 0.552257 2 0.024358 0.549002 2 0.002083 0.545674 2
3 0.151574 0.572610 0.278044 0.028519 0.290596 0.562922 2 0.217894 0.558351 2 0.146944 0.567127 2 0.083600 0.575446 2 0.012552 0.586869 2
2 0.579086 0.628028 0.443542 0.042231 0.357315 0.649144 2 0.468675 0.637338 2 0.584664 0.634497 2 0.685764 0.629291 2 0.800856 0.606913 2
3 0.183137 0.355433 0.357847 0.005726 0.362060 0.352946 2 0.271030 0.352569 2 0.185567 0.358296 2 0.093970 0.356111 2 0.004213 0.353791 2
2 0.072011 0.359534 0.059219 0.001620 0.101620 0.360344 2 0.087008 0.358906 2 0.072390 0.358814 2 0.057778 0.358724 2 0.042402 0.359198 2
3 0.327804 0.219796 0.092147 0.046259 0.373877 0.242925 2 0.355683 0.231123 2 0.329080 0.218669 2 0.306337 0.206649 2 0.281730 0.196667 2
3 0.152086 0.154789 0.284057 0.053727 0.010058 0.181652 2 0.082361 0.173585 2 0.158889 0.157161 2 0.228663 0.141965 2 0.294115 0.127925 2
3 0.270252 0.181547 0.188050 0.008753 0.176227 0.177170 2 0.219994 0.183834 2 0.272598 0.185923 2 0.319682 0.182121 2 0.364277 0.180217 2
2 0.533328 0.060929 0.493519 0.112917 0.286568 0.117387 2 0.431071 0.102894 2 0.550208 0.083099 2 0.672332 0.050113 2 0.780087 0.004470 2
3 0.261134 0.099782 0.200266 0.033215 0.361267 0.083174 2 0.320978 0.097323 2 0.275567 0.109890 2 0.217193 0.116389 2 0.161001 0.105298 2
2 0.158440 0.060129 0.037228 0.092746 0.177054 0.106502 2 0.175064 0.082378 2 0.165122 0.058863 2 0.154861 0.036768 2 0.139826 0.013756 2
1 0.152998 0.007332 0.014456 0.013669 0.145770 0.014167 2 0.149676 0.010289 2 0.153113 0.007306 2 0.156597 0.003843 2 0.160226 0.000498 2
2 0.369227 0.022002 0.014508 0.042378 0.376481 0.043192 2 0.372859 0.031973 2 0.369230 0.021493 2 0.365602 0.011458 2 0.361973 0.000813 2
2 0.408805 0.045055 0.008594 0.085926 0.404699 0.088018 2 0.404606 0.065052 2 0.404508 0.044135 2 0.408993 0.023336 2 0.413102 0.002092 2
2 0.525145 0.042396 0.065185 0.080625 0.492552 0.082708 2 0.517766 0.060984 2 0.533432 0.040330 2 0.545747 0.021505 2 0.557737 0.002083 2
3 0.392185 0.072655 0.088906 0.021236 0.432558 0.083273 2 0.436638 0.070830 2 0.414803 0.062037 2 0.381568 0.063064 2 0.347731 0.064375 2
3 0.747034 0.299175 0.284751 0.042078 0.604659 0.320214 2 0.690289 0.317031 2 0.762413 0.307303 2 0.824271 0.295095 2 0.889410 0.278137 2
2 0.633328 0.364333 0.228229 0.073261 0.519213 0.327703 2 0.564375 0.347335 2 0.613895 0.366820 2 0.666777 0.384427 2 0.747442 0.400964 2
2 0.512633 0.334536 0.071192 0.007972 0.477037 0.330550 2 0.493547 0.332980 2 0.509358 0.336256 2 0.531331 0.338521 2 0.548229 0.334277 2
3 0.527130 0.206324 0.196678 0.022937 0.428791 0.217792 2 0.477309 0.206045 2 0.523403 0.198814 2 0.574554 0.195880 2 0.625469 0.194855 2
2 0.526302 0.205365 0.028056 0.004178 0.512274 0.203275 2 0.517830 0.204395 2 0.523918 0.205506 2 0.530417 0.206510 2 0.540330 0.207454 2
1 0.799676 0.215534 0.397928 0.043400 0.600712 0.202624 2 0.695631 0.233843 2 0.808073 0.237234 2 0.923293 0.221898 2 0.998640 0.193834 2
3 0.489083 0.119404 0.056047 0.004213 0.461059 0.117734 2 0.473681 0.120405 2 0.488698 0.121510 2 0.503767 0.119899 2 0.517106 0.117297 2
3 0.662905 0.075813 0.110255 0.007315 0.607778 0.079470 2 0.638929 0.078122 2 0.666620 0.076513 2 0.691447 0.074317 2 0.718032 0.072156 2
3 0.866589 0.065123 0.255966 0.006010 0.738605 0.068128 2 0.809005 0.062581 2 0.873275 0.062118 2 0.930457 0.063166 2 0.994572 0.064633 2
2 0.864809 0.029792 0.058773 0.055341 0.835422 0.057462 2 0.858154 0.042552 2 0.872280 0.028374 2 0.883385 0.015451 2 0.894196 0.002121 2
2 0.777784 0.060412 0.099167 0.035842 0.728200 0.078333 2 0.772043 0.074086 2 0.803981 0.063064 2 0.815255 0.053582 2 0.827367 0.042491 2
0 0.338307 0.542266 0.208455 0.912940 0.234080 0.998736 2 0.311476 0.681082 2 0.403727 0.375174 2 0.442535 0.085796 2 0.0 0.0 0
3 0.447653 0.627043 0.173189 0.026840 0.361059 0.640463 2 0.405145 0.636432 2 0.451806 0.628229 2 0.488547 0.620399 2 0.534248 0.613623 2
3 0.617601 0.478572 0.379878 0.010101 0.427662 0.483623 2 0.523571 0.473521 2 0.619201 0.474748 2 0.713513 0.480862 2 0.807541 0.480286 2
1 0.742891 0.489738 0.087714 0.031907 0.699034 0.473785 2 0.728113 0.479968 2 0.749890 0.488996 2 0.769826 0.496855 2 0.786748 0.505692 2
3 0.884320 0.430084 0.216047 0.096863 0.776296 0.478516 2 0.835475 0.457705 2 0.892228 0.430272 2 0.936794 0.407269 2 0.992344 0.381652 2
2 0.580868 0.391927 0.312049 0.019433 0.424844 0.401644 2 0.499190 0.400408 2 0.575799 0.394867 2 0.650353 0.390830 2 0.736892 0.382211 2
3 0.511693 0.327274 0.153027 0.013825 0.435179 0.334187 2 0.478432 0.327567 2 0.513900 0.322992 2 0.549034 0.321094 2 0.588206 0.320362 2
3 0.945796 0.251367 0.106441 0.053186 0.892575 0.277960 2 0.925995 0.268383 2 0.952639 0.256785 2 0.975689 0.244248 2 0.999016 0.224774 2
3 0.212387 0.655696 0.068594 0.092179 0.246684 0.701785 2 0.236047 0.678261 2 0.215197 0.653449 2 0.195446 0.633935 2 0.178090 0.609606 2
2 0.406311 0.697716 0.248466 0.021872 0.282078 0.708652 2 0.346354 0.707734 2 0.410191 0.702986 2 0.467940 0.697439 2 0.530544 0.686780 2
