2 0.641603 0.074214 0.202512 0.101907 0.742859 0.125168 2 0.683426 0.110084 2 0.625671 0.086687 2 0.573368 0.054907 2 0.540347 0.023261 2
2 0.644644 0.080503 0.006082 0.084716 0.647685 0.122862 2 0.641603 0.101010 2 0.643490 0.079549 2 0.645376 0.059578 2 0.646007 0.038145 2
2 0.620012 0.103459 0.036053 0.043417 0.638038 0.125168 2 0.624416 0.115087 2 0.616238 0.105752 2 0.609317 0.093510 2 0.601985 0.081751 2
1 0.569068 0.123627 0.111111 0.034274 0.624624 0.137746 2 0.583397 0.140764 2 0.545556 0.132014 2 0.527002 0.118886 2 0.513513 0.106490 2
2 0.575359 0.162692 0.129595 0.049945 0.640156 0.137720 2 0.607963 0.153536 2 0.579323 0.164439 2 0.547367 0.175205 2 0.510561 0.187665 2
3 0.706803 0.143396 0.114878 0.021403 0.764242 0.154097 2 0.755017 0.141910 2 0.723154 0.138084 2 0.687095 0.136858 2 0.649363 0.132694 2
1 0.499470 0.205281 0.272112 0.061736 0.635527 0.229569 2 0.544404 0.236149 2 0.463796 0.224126 2 0.404155 0.200940 2 0.363414 0.174413 2
3 0.707115 0.226832 0.089936 0.010081 0.752083 0.231872 2 0.728814 0.230495 2 0.706800 0.229462 2 0.689404 0.226568 2 0.662147 0.221791 2
3 0.650613 0.339132 0.068646 0.003438 0.684936 0.337413 2 0.668657 0.338559 2 0.651771 0.339612 2 0.634485 0.340686 2 0.616291 0.340851 2
1 0.651259 0.325109 0.063304 0.021536 0.682911 0.335877 2 0.665654 0.329881 2 0.652049 0.324083 2 0.636019 0.318695 2 0.619606 0.314340 2
3 0.739991 0.323537 0.108154 0.045946 0.794068 0.300564 2 0.765573 0.311392 2 0.739878 0.322387 2 0.714213 0.333840 2 0.685914 0.346510 2
2 0.196088 0.280027 0.020868 0.031554 0.206522 0.295804 2 0.201545 0.287691 2 0.195845 0.279745 2 0.191597 0.272364 2 0.185654 0.264251 2
2 0.155932 0.298772 0.116713 0.022700 0.214288 0.310122 2 0.187778 0.307833 2 0.158356 0.306178 2 0.125538 0.299172 2 0.097575 0.287422 2
2 0.185778 0.294829 0.043432 0.010932 0.207494 0.300295 2 0.196632 0.297439 2 0.185775 0.294771 2 0.174919 0.292219 2 0.164062 0.289363 2
3 0.894453 0.398838 0.205029 0.003521 0.996968 0.400599 2 0.946904 0.399505 2 0.895336 0.399091 2 0.844265 0.398964 2 0.791939 0.397078 2
3 0.714381 0.528827 0.360498 0.032040 0.894630 0.529754 2 0.826956 0.517601 2 0.746204 0.512807 2 0.663438 0.522413 2 0.534132 0.544847 2
2 0.372827 0.435548 0.041128 0.080101 0.393391 0.475599 2 0.379022 0.455619 2 0.370104 0.434714 2 0.358663 0.416108 2 0.352263 0.395498 2
3 0.946965 0.211937 0.096013 0.014465 0.898958 0.204705 2 0.923275 0.209485 2 0.946337 0.213388 2 0.971071 0.215859 2 0.994971 0.219170 2
3 0.897908 0.196633 0.190770 0.064361 0.802523 0.228814 2 0.850318 0.209294 2 0.900214 0.193478 2 0.947593 0.180747 2 0.993293 0.164453 2
3 0.922844 0.153641 0.148524 0.052555 0.997106 0.179919 2 0.958466 0.168235 2 0.924659 0.157503 2 0.890845 0.144546 2 0.848582 0.127364 2
2 0.867156 0.095512 0.134230 0.065729 0.800041 0.128377 2 0.840417 0.120420 2 0.881331 0.107763 2 0.916042 0.084693 2 0.934271 0.062648 2
2 0.770587 0.081484 0.275828 0.153947 0.908501 0.158458 2 0.800104 0.142847 2 0.703536 0.094346 2 0.663981 0.048637 2 0.632674 0.004511 2
3 0.923678 0.326875 0.140631 0.057650 0.853362 0.298050 2 0.901053 0.315168 2 0.925341 0.332700 2 0.941586 0.351539 2 0.993993 0.355700 2
1 0.750564 0.326905 0.233108 0.126183 0.867118 0.389997 2 0.785191 0.362335 2 0.726308 0.333478 2 0.670446 0.300078 2 0.634010 0.263814 2
1 0.662694 0.369185 0.140052 0.013921 0.732720 0.362225 2 0.694867 0.368319 2 0.665897 0.372529 2 0.631105 0.376146 2 0.592668 0.375619 2
3 0.495304 0.340201 0.550666 0.075095 0.770637 0.363510 2 0.622078 0.372054 2 0.482934 0.377749 2 0.325752 0.352517 2 0.219971 0.302653 2
3 0.294641 0.436238 0.180729 0.082199 0.385006 0.477338 2 0.335509 0.460689 2 0.295660 0.441450 2 0.249977 0.419132 2 0.204277 0.395139 2
3 0.516837 0.744099 0.107980 0.106415 0.462847 0.797306 2 0.514491 0.773733 2 0.536921 0.747792 2 0.564566 0.720124 2 0.570828 0.690891 2
2 0.532850 0.593420 0.062598 0.177934 0.564149 0.682387 2 0.538067 0.641134 2 0.522419 0.595113 2 0.511985 0.551447 2 0.501551 0.504453 2
3 0.807682 0.816661 0.090145 0.090145 0.852755 0.861733 2 0.820046 0.837656 2 0.799925 0.819401 2 0.781053 0.793504 2 0.762610 0.771589 2
2 0.336806 0.729194 0.172616 0.088556 0.423113 0.684916 2 0.378050 0.707049 2 0.341545 0.730859 2 0.300093 0.752853 2 0.250498 0.773472 2
2 0.455799 0.722024 0.036794 0.083307 0.437402 0.680370 2 0.446684 0.701351 2 0.451811 0.722697 2 0.456863 0.744965 2 0.474196 0.763678 2
2 0.227876 0.705606 0.329699 0.065234 0.392726 0.672989 2 0.330671 0.700796 2 0.256667 0.725885 2 0.157286 0.738223 2 0.063027 0.728547 2
2 0.504769 0.753365 0.040370 0.059896 0.484583 0.783313 2 0.491308 0.767894 2 0.499705 0.752850 2 0.510862 0.740026 2 0.524954 0.723417 2
3 0.390532 0.616011 0.007859 0.056970 0.386603 0.644497 2 0.389572 0.629823 2 0.392541 0.615964 2 0.393067 0.601395 2 0.394462 0.587526 2
1 0.203854 0.570294 0.335139 0.140148 0.371424 0.640367 2 0.259878 0.610148 2 0.165150 0.575231 2 0.085017 0.533941 2 0.036285 0.500220 2
1 0.352781 0.633579 0.029230 0.138825 0.367396 0.702992 2 0.355139 0.671418 2 0.342801 0.636360 2 0.338507 0.598247 2 0.338166 0.564167 2
3 0.469074 0.725341 0.221308 0.041088 0.579728 0.745885 2 0.496076 0.740752 2 0.445637 0.730498 2 0.401285 0.720064 2 0.358420 0.704797 2
2 0.327025 0.583760 0.069491 0.099048 0.361771 0.633284 2 0.340775 0.609227 2 0.321591 0.584155 2 0.307841 0.560709 2 0.292280 0.534236 2
3 0.922315 0.607653 0.145266 0.022859 0.994948 0.619083 2 0.961979 0.612821 2 0.923218 0.609057 2 0.887355 0.603545 2 0.849682 0.596224 2
3 0.619818 0.547691 0.440747 0.123692 0.840191 0.601163 2 0.685023 0.609537 2 0.556424 0.587355 2 0.466458 0.542636 2 0.399444 0.485845 2
2 0.448403 0.483553 0.031134 0.047193 0.432836 0.507150 2 0.441267 0.494945 2 0.448704 0.483365 2 0.455532 0.472161 2 0.463970 0.459957 2
0 0.868278 0.324669 0.245735 0.356253 0.991146 0.502795 2 0.882367 0.377335 2 0.798900 0.261117 2 0.745411 0.146542 2 0.0 0.0 0
3 0.706409 0.877250 0.540353 0.172011 0.976586 0.959091 2 0.791719 0.963255 2 0.649606 0.908171 2 0.553409 0.854459 2 0.436233 0.791244 2
3 0.682581 0.726918 0.613981 0.147656 0.989572 0.800747 2 0.846661 0.773440 2 0.682384 0.762821 2 0.533935 0.717853 2 0.375590 0.653090 2
