3 0.652743 0.898691 0.681470 0.055975 0.312008 0.926678 2 0.492633 0.910203 2 0.659971 0.900417 2 0.824913 0.881024 2 0.993478 0.870703 2
2 0.772289 0.850463 0.016696 0.052164 0.767072 0.876545 2 0.764983 0.862989 2 0.763941 0.848860 2 0.771244 0.835851 2 0.780637 0.824381 2
2 0.766797 0.951052 0.035700 0.094563 0.784647 0.903770 2 0.775110 0.928333 2 0.766516 0.951476 2 0.758484 0.973767 2 0.748947 0.998333 2
2 0.161707 0.885815 0.314282 0.022896 0.318848 0.892017 2 0.240579 0.897263 2 0.159896 0.894106 2 0.080417 0.884216 2 0.004566 0.874366 2
3 0.200026 0.966819 0.142101 0.021953 0.271076 0.955842 2 0.235781 0.963420 2 0.201400 0.967931 2 0.164404 0.973027 2 0.128976 0.977795 2
3 0.071172 0.963741 0.130909 0.002101 0.136626 0.964792 2 0.104120 0.962691 2 0.069277 0.962963 2 0.036146 0.963368 2 0.005718 0.962807 2
3 0.290203 0.776674 0.196053 0.036820 0.388229 0.795084 2 0.341250 0.783562 2 0.288223 0.774945 2 0.237645 0.766968 2 0.192176 0.758264 2
2 0.101609 0.782499 0.191053 0.039685 0.197135 0.762656 2 0.153524 0.775579 2 0.107546 0.786716 2 0.059641 0.797176 2 0.006082 0.802341 2
3 0.161134 0.689669 0.214225 0.028001 0.268247 0.703669 2 0.216916 0.694907 2 0.158970 0.688354 2 0.103704 0.682286 2 0.054022 0.675668 2
2 0.069552 0.690632 0.133177 0.012277 0.136140 0.692769 2 0.104780 0.696771 2 0.072350 0.695579 2 0.039207 0.691302 2 0.002963 0.684494 2
3 0.183027 0.631833 0.361123 0.076513 0.363588 0.593576 2 0.273906 0.615165 2 0.183663 0.642214 2 0.087726 0.658730 2 0.002465 0.670090 2
3 0.197509 0.489931 0.389230 0.057523 0.392124 0.508524 2 0.301169 0.515425 2 0.193854 0.518692 2 0.095891 0.491837 2 0.002894 0.461169 2
2 0.101704 0.447597 0.026626 0.060535 0.088391 0.477865 2 0.095660 0.462150 2 0.101985 0.447329 2 0.107749 0.433044 2 0.115017 0.417329 2
3 0.254430 0.466532 0.105631 0.032595 0.307245 0.482830 2 0.281933 0.472630 2 0.253362 0.465000 2 0.226111 0.457940 2 0.201615 0.450234 2
2 0.123409 0.462526 0.131192 0.012355 0.189005 0.456348 2 0.154792 0.459395 2 0.122755 0.462506 2 0.092025 0.465660 2 0.057813 0.468704 2
3 0.353105 0.418817 0.096302 0.008501 0.401256 0.423067 2 0.379688 0.419641 2 0.355336 0.417078 2 0.332118 0.414708 2 0.304954 0.414566 2
2 0.243038 0.426163 0.111887 0.013079 0.298981 0.419624 2 0.269803 0.422847 2 0.242483 0.426143 2 0.216273 0.429479 2 0.187095 0.432703 2
3 0.344265 0.331366 0.115903 0.009387 0.402216 0.336059 2 0.376256 0.332274 2 0.346956 0.329447 2 0.319010 0.326829 2 0.286314 0.326672 2
2 0.177248 0.330574 0.172355 0.001363 0.263426 0.329893 2 0.218594 0.330067 2 0.176441 0.330498 2 0.135903 0.331085 2 0.091071 0.331256 2
3 0.525223 0.026387 0.135353 0.046484 0.457546 0.049630 2 0.489578 0.040177 2 0.523102 0.027902 2 0.554931 0.016108 2 0.592899 0.003145 2
3 0.553643 0.140068 0.182668 0.015790 0.462309 0.132173 2 0.507459 0.132222 2 0.550874 0.135310 2 0.598206 0.137801 2 0.644977 0.147963 2
3 0.807509 0.119938 0.374497 0.020200 0.620260 0.130038 2 0.709207 0.109838 2 0.811551 0.111458 2 0.906094 0.118293 2 0.994757 0.122321 2
2 0.797639 0.170249 0.282431 0.034942 0.938854 0.168423 2 0.878744 0.186039 2 0.789479 0.187720 2 0.728600 0.171991 2 0.656424 0.152778 2
1 0.945480 0.148378 0.010266 0.031236 0.940347 0.163996 2 0.942483 0.156288 2 0.945197 0.148177 2 0.947697 0.140506 2 0.950613 0.132760 2
1 0.965304 0.145172 0.034288 0.033793 0.948160 0.162069 2 0.958113 0.154057 2 0.966806 0.145171 2 0.974028 0.136762 2 0.982448 0.128275 2
1 0.883666 0.084073 0.117737 0.040842 0.824797 0.104494 2 0.858061 0.095353 2 0.890700 0.084465 2 0.919248 0.074679 2 0.942535 0.063652 2
1 0.743304 0.080748 0.091088 0.041016 0.697760 0.101256 2 0.724456 0.091649 2 0.750422 0.082190 2 0.770833 0.071311 2 0.788848 0.060240 2
3 0.616563 0.097622 0.001493 0.041927 0.617118 0.118585 2 0.617309 0.107619 2 0.615816 0.097196 2 0.617309 0.086927 2 0.617309 0.076658 2
3 0.641513 0.141460 0.350156 0.110119 0.466435 0.196519 2 0.561047 0.174494 2 0.652633 0.140796 2 0.733640 0.114329 2 0.816591 0.086400 2
3 0.557755 0.272436 0.305706 0.031858 0.404902 0.256927 2 0.478657 0.256508 2 0.552708 0.267344 2 0.632106 0.275958 2 0.710608 0.288365 2
2 0.857708 0.263770 0.274896 0.034855 0.720260 0.281198 2 0.792101 0.272205 2 0.859144 0.263643 2 0.923322 0.255339 2 0.995156 0.246343 2
1 0.778571 0.251463 0.135787 0.044036 0.710677 0.273481 2 0.749462 0.265315 2 0.783848 0.254826 2 0.815666 0.243316 2 0.846464 0.229444 2
1 0.578220 0.344790 0.184439 0.106259 0.486001 0.397920 2 0.521950 0.368160 2 0.563848 0.342462 2 0.613032 0.315712 2 0.670440 0.291661 2
3 0.515417 0.383494 0.063796 0.036791 0.483519 0.401889 2 0.499306 0.394181 2 0.513698 0.384485 2 0.529265 0.375518 2 0.547315 0.365098 2
2 0.811603 0.948145 0.261400 0.083762 0.680903 0.906264 2 0.746904 0.928521 2 0.808142 0.950122 2 0.868461 0.969583 2 0.942303 0.990026 2
3 0.728241 0.731966 0.512546 0.117283 0.471968 0.754520 2 0.616510 0.790608 2 0.772801 0.788148 2 0.909028 0.742633 2 0.984514 0.673325 2
1 0.743799 0.712695 0.396730 0.036988 0.942164 0.694201 2 0.847355 0.713825 2 0.756777 0.731186 2 0.637216 0.731189 2 0.545434 0.717416 2
3 0.735981 0.639560 0.510781 0.036030 0.480590 0.626661 2 0.614832 0.621545 2 0.737043 0.634991 2 0.863906 0.657167 2 0.991372 0.657575 2
2 0.936557 0.640645 0.123947 0.015579 0.874583 0.648435 2 0.906979 0.644517 2 0.937205 0.640634 2 0.966134 0.636777 2 0.998530 0.632856 2
3 0.246432 0.312704 0.143883 0.007075 0.318374 0.312266 2 0.283559 0.309201 2 0.247286 0.310671 2 0.209606 0.309167 2 0.174491 0.316241 2
1 0.150943 0.376853 0.139375 0.142266 0.220631 0.447986 2 0.195972 0.410689 2 0.166053 0.374740 2 0.118947 0.338909 2 0.081256 0.305720 2
1 0.178220 0.278099 0.021800 0.073166 0.189120 0.314682 2 0.183953 0.296716 2 0.181013 0.278128 2 0.175561 0.259323 2 0.167321 0.241516 2
1 0.200694 0.247891 0.014676 0.083854 0.208032 0.289818 2 0.204115 0.268388 2 0.200868 0.247442 2 0.196360 0.226852 2 0.193356 0.205964 2
1 0.080657 0.327352 0.158686 0.020955 0.160000 0.316875 2 0.124769 0.326539 2 0.080584 0.334716 2 0.039311 0.337830 2 0.001314 0.335946 2
3 0.343866 0.294543 0.036562 0.008640 0.362147 0.298863 2 0.353958 0.295382 2 0.344716 0.292778 2 0.335897 0.290367 2 0.325584 0.290223 2
3 0.200055 0.215877 0.203802 0.007506 0.301956 0.219630 2 0.253941 0.215382 2 0.203785 0.213119 2 0.148779 0.217138 2 0.098154 0.212124 2
1 0.046771 0.218843 0.086262 0.005590 0.089902 0.216047 2 0.066157 0.216991 2 0.042836 0.217986 2 0.023964 0.220778 2 0.003640 0.221638 2
2 0.117509 0.185911 0.186580 0.040272 0.210799 0.206047 2 0.176314 0.189696 2 0.125058 0.181528 2 0.074635 0.173319 2 0.024219 0.165775 2
2 0.093255 0.073084 0.186939 0.121424 0.186725 0.133796 2 0.137772 0.106725 2 0.095856 0.073736 2 0.047963 0.043886 2 0.000214 0.012373 2
3 0.181010 0.169601 0.135666 0.032535 0.248843 0.185868 2 0.211516 0.184728 2 0.174444 0.180469 2 0.139809 0.166808 2 0.113177 0.153333 2
2 0.031470 0.147737 0.059537 0.004554 0.061238 0.149653 2 0.045388 0.150014 2 0.030503 0.149355 2 0.016586 0.148252 2 0.001701 0.145460 2
3 0.331068 0.086204 0.115550 0.012882 0.388843 0.092645 2 0.362882 0.088860 2 0.333582 0.086033 2 0.305637 0.083414 2 0.273293 0.079763 2
3 0.279135 0.115288 0.166730 0.029806 0.362500 0.100385 2 0.323380 0.106227 2 0.281916 0.114204 2 0.242523 0.121892 2 0.195770 0.130191 2
2 0.248698 0.173688 0.100625 0.052642 0.299010 0.200009 2 0.270712 0.187928 2 0.242413 0.176976 2 0.217465 0.164899 2 0.198385 0.147367 2
3 0.076600 0.152841 0.147297 0.022101 0.150249 0.141791 2 0.114850 0.147170 2 0.079057 0.152040 2 0.044253 0.157737 2 0.002951 0.163892 2
2 0.218119 0.111900 0.040532 0.005431 0.238385 0.114615 2 0.227645 0.113432 2 0.217598 0.112315 2 0.208252 0.110715 2 0.197853 0.109184 2
0 0.326962 0.519984 0.028912 0.688006 0.312506 0.863987 2 0.326968 0.621334 2 0.341418 0.401363 2 0.317969 0.175981 2 0.0 0.0 0
0 0.403475 0.497070 0.011973 0.986259 0.397488 0.990200 2 0.409462 0.645781 2 0.398247 0.324861 2 0.403854 0.003941 2 0.0 0.0 0
1 0.798108 0.384172 0.023588 0.095613 0.786314 0.431979 2 0.798686 0.406212 2 0.803241 0.380179 2 0.806892 0.357381 2 0.809902 0.336366 2
3 0.658626 0.433041 0.343328 0.054103 0.486962 0.412471 2 0.564566 0.444679 2 0.661881 0.460093 2 0.764965 0.444650 2 0.830289 0.405990 2
2 0.914939 0.332403 0.049612 0.115292 0.890133 0.390049 2 0.897778 0.357844 2 0.910422 0.330307 2 0.924248 0.304248 2 0.939745 0.274757 2
1 0.801973 0.400278 0.085127 0.015729 0.844537 0.408142 2 0.824612 0.402769 2 0.800312 0.397778 2 0.777216 0.395425 2 0.759410 0.392413 2
1 0.552017 0.494918 0.123767 0.033539 0.613900 0.511687 2 0.576267 0.502242 2 0.541701 0.493530 2 0.512569 0.485295 2 0.490133 0.478148 2
3 0.712202 0.480285 0.447645 0.255830 0.488380 0.608200 2 0.618027 0.533516 2 0.711007 0.470810 2 0.835602 0.421832 2 0.936024 0.352370 2
