2 0.546713 0.401241 0.043530 0.107332 0.524948 0.454907 2 0.544919 0.427237 2 0.559653 0.400391 2 0.566620 0.374742 2 0.568478 0.347575 2
3 0.081664 0.603903 0.160550 0.007529 0.001389 0.607668 2 0.031615 0.606230 2 0.074763 0.604239 2 0.117911 0.602451 2 0.161939 0.600139 2
2 0.221363 0.586101 0.108223 0.024858 0.167251 0.598530 2 0.192367 0.592187 2 0.221950 0.587445 2 0.249942 0.579803 2 0.275475 0.573672 2
2 0.095900 0.104408 0.186765 0.168406 0.002517 0.188611 2 0.067650 0.152535 2 0.114334 0.105602 2 0.146615 0.069323 2 0.189282 0.020205 2
1 0.220515 0.040109 0.430324 0.076994 0.005353 0.078605 2 0.124253 0.056279 2 0.223935 0.040200 2 0.310868 0.022607 2 0.435677 0.001612 2
1 0.084407 0.143005 0.162772 0.022549 0.003021 0.131730 2 0.041140 0.137387 2 0.092049 0.144887 2 0.124016 0.151325 2 0.165793 0.154280 2
3 0.189543 0.078144 0.369861 0.148197 0.004612 0.152242 2 0.131042 0.124971 2 0.230660 0.085706 2 0.302749 0.047954 2 0.374473 0.004045 2
1 0.161976 0.900192 0.312818 0.091780 0.005567 0.946082 2 0.086609 0.932156 2 0.172818 0.913811 2 0.258056 0.885654 2 0.318385 0.854303 2
3 0.275009 0.793189 0.539057 0.032494 0.005480 0.784777 2 0.142847 0.801710 2 0.268044 0.809436 2 0.406279 0.802541 2 0.544537 0.776942 2
2 0.453666 0.845871 0.256834 0.066834 0.325249 0.812454 2 0.388310 0.836331 2 0.451800 0.858163 2 0.520758 0.879288 2 0.582083 0.877517 2
2 0.656965 0.784659 0.193015 0.018131 0.560457 0.775593 2 0.613669 0.778139 2 0.665347 0.787462 2 0.714236 0.793724 2 0.753472 0.789957 2
3 0.290220 0.634854 0.567072 0.080477 0.006684 0.675093 2 0.183096 0.664074 2 0.327014 0.647245 2 0.453866 0.622937 2 0.573756 0.594615 2
3 0.359974 0.453268 0.717784 0.064557 0.001082 0.446551 2 0.166968 0.485223 2 0.367280 0.485547 2 0.525856 0.457963 2 0.718866 0.420990 2
1 0.816594 0.377731 0.175874 0.088235 0.728657 0.421849 2 0.802106 0.413655 2 0.851950 0.391794 2 0.886065 0.362028 2 0.904531 0.333614 2
3 0.249893 0.468058 0.401013 0.093461 0.049387 0.514789 2 0.177986 0.499497 2 0.269641 0.480373 2 0.364184 0.455558 2 0.450399 0.421328 2
1 0.246947 0.443679 0.192321 0.107439 0.150787 0.497399 2 0.204248 0.462931 2 0.247031 0.437147 2 0.297523 0.414716 2 0.343108 0.389959 2
3 0.150179 0.507024 0.165093 0.019216 0.067633 0.516632 2 0.112182 0.513197 2 0.149745 0.508111 2 0.190799 0.505035 2 0.232726 0.497416 2
2 0.494144 0.379909 0.074178 0.076068 0.457054 0.417943 2 0.481939 0.398932 2 0.498102 0.380009 2 0.513056 0.361516 2 0.531233 0.341875 2
1 0.367650 0.404650 0.095961 0.110191 0.319670 0.459745 2 0.342569 0.427731 2 0.363119 0.400107 2 0.385561 0.374514 2 0.415631 0.349554 2
2 0.130524 0.480951 0.254184 0.036230 0.003432 0.499065 2 0.063241 0.491545 2 0.125122 0.486363 2 0.191950 0.477512 2 0.257616 0.462836 2
1 0.392908 0.389330 0.010064 0.090061 0.396933 0.434361 2 0.397940 0.412245 2 0.396678 0.388345 2 0.391395 0.366985 2 0.387876 0.344300 2
3 0.267133 0.388563 0.443455 0.108406 0.045405 0.442766 2 0.196036 0.437381 2 0.314682 0.409554 2 0.403733 0.374222 2 0.488860 0.334361 2
3 0.108183 0.397517 0.030185 0.072477 0.123275 0.433756 2 0.112211 0.416678 2 0.101644 0.400136 2 0.096105 0.379323 2 0.093090 0.361279 2
2 0.411823 0.322802 0.009560 0.063417 0.407043 0.354511 2 0.407297 0.338594 2 0.409560 0.322483 2 0.410312 0.307763 2 0.416603 0.291094 2
3 0.048655 0.312739 0.092726 0.007063 0.002292 0.309207 2 0.024230 0.310703 2 0.044867 0.313576 2 0.068455 0.316270 2 0.095017 0.315995 2
3 0.037390 0.322208 0.040127 0.014352 0.017326 0.315032 2 0.029757 0.320064 2 0.040920 0.324381 2 0.047726 0.326212 2 0.057454 0.329384 2
1 0.071580 0.301334 0.027998 0.047841 0.057581 0.325255 2 0.075046 0.312350 2 0.082066 0.299823 2 0.085579 0.288912 2 0.084751 0.277413 2
1 0.051774 0.319411 0.102089 0.008683 0.000729 0.323061 2 0.028872 0.323753 2 0.053981 0.323432 2 0.075914 0.321276 2 0.102818 0.315069 2
2 0.113614 0.300988 0.060793 0.046126 0.083218 0.321947 2 0.113617 0.324051 2 0.133530 0.313406 2 0.137373 0.296962 2 0.144010 0.277925 2
