3 0.259436 0.455544 0.507182 0.117031 0.005845 0.397028 2 0.143507 0.437792 2 0.262130 0.471826 2 0.381811 0.497575 2 0.513027 0.514060 2
2 0.578571 0.465939 0.239479 0.057150 0.458831 0.494514 2 0.517656 0.477894 2 0.584890 0.466340 2 0.642384 0.453623 2 0.698310 0.437364 2
2 0.129210 0.373193 0.249034 0.015148 0.004693 0.365619 2 0.058692 0.367329 2 0.117593 0.371282 2 0.177992 0.375133 2 0.253727 0.380767 2
1 0.291907 0.362782 0.127182 0.023909 0.228316 0.374737 2 0.259456 0.368840 2 0.292679 0.363498 2 0.324045 0.358328 2 0.355498 0.350828 2
1 0.127549 0.093342 0.143814 0.005185 0.055642 0.090749 2 0.102963 0.092347 2 0.138490 0.094204 2 0.170527 0.095935 2 0.199456 0.095226 2
3 0.219933 0.155521 0.322066 0.049277 0.058900 0.130883 2 0.119225 0.155194 2 0.201788 0.173938 2 0.288582 0.180159 2 0.380966 0.174740 2
2 0.088394 0.162975 0.172541 0.032078 0.174664 0.179013 2 0.129687 0.178359 2 0.085336 0.169349 2 0.043623 0.160628 2 0.002124 0.146936 2
1 0.479685 0.173624 0.395654 0.050807 0.281858 0.199028 2 0.386227 0.197263 2 0.496036 0.192439 2 0.593160 0.177740 2 0.677512 0.148220 2
1 0.092772 0.132763 0.178380 0.149618 0.003582 0.207572 2 0.064670 0.175561 2 0.118154 0.131956 2 0.146858 0.102468 2 0.181962 0.057954 2
1 0.307046 0.144990 0.371198 0.010611 0.121447 0.140388 2 0.213443 0.150295 2 0.307668 0.149525 2 0.392060 0.148796 2 0.492645 0.139685 2
2 0.692688 0.221146 0.607251 0.059387 0.389062 0.191453 2 0.535324 0.223776 2 0.688588 0.249369 2 0.845706 0.250839 2 0.996314 0.228825 2
0 0.075660 0.807648 0.149456 0.377917 0.150388 0.996606 2 0.090503 0.869774 2 0.042066 0.738220 2 0.000932 0.618689 2 0.0 0.0 0
3 0.336105 0.955460 0.337813 0.087228 0.167199 0.911846 2 0.260770 0.925897 2 0.336071 0.950116 2 0.423993 0.974800 2 0.505012 0.999074 2
1 0.344505 0.929757 0.267112 0.064525 0.210949 0.962020 2 0.292326 0.952613 2 0.360573 0.939890 2 0.419867 0.920813 2 0.478061 0.897494 2
3 0.381843 0.729239 0.625920 0.048773 0.068883 0.722075 2 0.226273 0.704852 2 0.398796 0.710871 2 0.549387 0.734274 2 0.694803 0.753626 2
2 0.427280 0.683440 0.210891 0.028866 0.321834 0.697873 2 0.373027 0.688793 2 0.427407 0.683556 2 0.479722 0.675972 2 0.532726 0.669008 2
3 0.854227 0.727312 0.285770 0.050532 0.711343 0.752578 2 0.787112 0.744910 2 0.855961 0.734725 2 0.931395 0.724552 2 0.997112 0.702046 2
1 0.702002 0.696497 0.415428 0.011722 0.494288 0.690637 2 0.597558 0.696577 2 0.703461 0.702358 2 0.806169 0.701392 2 0.909716 0.693322 2
1 0.556693 0.656908 0.072934 0.023163 0.520226 0.668490 2 0.537581 0.662251 2 0.556586 0.656296 2 0.574468 0.650582 2 0.593160 0.645327 2
3 0.066065 0.510469 0.129769 0.090799 0.001181 0.465069 2 0.040937 0.485457 2 0.078038 0.507043 2 0.104699 0.530217 2 0.130949 0.555868 2
3 0.087002 0.571918 0.055220 0.024572 0.114612 0.559633 2 0.098594 0.564120 2 0.084439 0.570182 2 0.070052 0.575443 2 0.059392 0.584204 2
