2 0.651719 0.041146 0.085602 0.047535 0.694520 0.064913 2 0.673119 0.052497 2 0.651719 0.040900 2 0.630318 0.029792 2 0.608918 0.017378 2
2 0.685966 0.046353 0.280521 0.021623 0.826227 0.035541 2 0.766186 0.048284 2 0.703767 0.057164 2 0.620770 0.056389 2 0.545706 0.044152 2
1 0.632500 0.027860 0.023229 0.052248 0.644115 0.053984 2 0.636372 0.041155 2 0.630567 0.027581 2 0.624757 0.014751 2 0.620885 0.001736 2
1 0.751108 0.032499 0.141638 0.056918 0.680289 0.060958 2 0.717500 0.046441 2 0.753611 0.033316 2 0.785810 0.020046 2 0.821927 0.004039 2
3 0.864372 0.007788 0.031453 0.013817 0.880098 0.014696 2 0.871672 0.010521 2 0.862726 0.006644 2 0.854103 0.003947 2 0.848646 0.000880 2
0 0.389170 0.537743 0.159601 0.883981 0.468970 0.979734 2 0.392378 0.661580 2 0.355318 0.355483 2 0.309369 0.095752 2 0.0 0.0 0
0 0.758270 0.491021 0.392569 0.976169 0.561985 0.979106 2 0.711007 0.620802 2 0.804265 0.308825 2 0.954554 0.002937 2 0.0 0.0 0
3 0.868576 0.802807 0.252037 0.080856 0.742558 0.843235 2 0.791481 0.811189 2 0.868409 0.795619 2 0.931910 0.781114 2 0.994595 0.762378 2
3 0.911314 0.338942 0.168843 0.039852 0.826892 0.358869 2 0.869311 0.348053 2 0.911204 0.338932 2 0.953738 0.330240 2 0.995735 0.319016 2
3 0.966418 0.132297 0.058218 0.018727 0.937309 0.141661 2 0.951933 0.136577 2 0.966377 0.132292 2 0.981047 0.128206 2 0.995527 0.122934 2
3 0.466644 0.809130 0.219618 0.014198 0.576453 0.816230 2 0.522095 0.808021 2 0.466626 0.805877 2 0.413090 0.802031 2 0.356834 0.802671 2
3 0.173828 0.829093 0.339774 0.045611 0.343715 0.806288 2 0.265203 0.829777 2 0.180752 0.844236 2 0.091591 0.851861 2 0.003941 0.851898 2
3 0.452760 0.834660 0.165787 0.080142 0.369867 0.794589 2 0.408999 0.806803 2 0.437662 0.828753 2 0.476672 0.858371 2 0.535654 0.874731 2
3 0.167341 0.791023 0.317228 0.015784 0.325955 0.792850 2 0.253987 0.783131 2 0.171348 0.788788 2 0.088628 0.797520 2 0.008727 0.798915 2
3 0.199800 0.781924 0.390156 0.019641 0.394878 0.773883 2 0.292361 0.772104 2 0.194242 0.775781 2 0.108032 0.783015 2 0.004722 0.791745 2
2 0.029971 0.823986 0.053380 0.037734 0.056661 0.842853 2 0.043316 0.832998 2 0.029971 0.823791 2 0.016626 0.814974 2 0.003281 0.805119 2
2 0.094233 0.778695 0.181846 0.016649 0.185156 0.770370 2 0.141146 0.770871 2 0.096863 0.778160 2 0.042078 0.783200 2 0.003310 0.787020 2
3 0.316308 0.934708 0.160174 0.003721 0.396395 0.936568 2 0.355116 0.935639 2 0.315208 0.934641 2 0.276690 0.932847 2 0.236221 0.933145 2
1 0.140700 0.954455 0.276620 0.033406 0.279010 0.937752 2 0.199763 0.943290 2 0.134728 0.951186 2 0.070029 0.960909 2 0.002390 0.971157 2
3 0.272905 0.582716 0.132801 0.022972 0.339306 0.594201 2 0.307598 0.587156 2 0.273941 0.580613 2 0.241487 0.576062 2 0.206505 0.571230 2
3 0.208973 0.585752 0.076429 0.014716 0.247188 0.578394 2 0.227604 0.581377 2 0.207622 0.584864 2 0.189850 0.588819 2 0.170758 0.593111 2
3 0.100570 0.592368 0.195503 0.033979 0.198322 0.575379 2 0.153872 0.588032 2 0.105312 0.598264 2 0.054635 0.606227 2 0.002818 0.609358 2
3 0.244216 0.509890 0.145573 0.019595 0.317002 0.519687 2 0.282245 0.513678 2 0.245353 0.508096 2 0.209774 0.504216 2 0.171429 0.500093 2
3 0.147708 0.525586 0.079259 0.036508 0.187338 0.507332 2 0.166777 0.516406 2 0.146510 0.524557 2 0.128490 0.533811 2 0.108079 0.543840 2
2 0.064523 0.557407 0.115341 0.019936 0.122193 0.547439 2 0.097344 0.561250 2 0.068299 0.567376 2 0.037153 0.565909 2 0.006852 0.559387 2
1 0.181238 0.430334 0.011574 0.134841 0.175451 0.497755 2 0.180150 0.464757 2 0.179896 0.430382 2 0.184172 0.397387 2 0.187025 0.362914 2
3 0.165014 0.432552 0.319763 0.041586 0.324896 0.453345 2 0.250671 0.439334 2 0.173964 0.428912 2 0.092419 0.421033 2 0.005133 0.411759 2
3 0.131548 0.451000 0.079265 0.036508 0.171181 0.432746 2 0.150619 0.441820 2 0.130932 0.451279 2 0.112326 0.459225 2 0.091916 0.469253 2
3 0.228001 0.269109 0.140538 0.017512 0.298270 0.260353 2 0.259323 0.263568 2 0.226204 0.267211 2 0.193559 0.272133 2 0.157731 0.277865 2
3 0.078736 0.323196 0.151441 0.078932 0.154456 0.283730 2 0.134375 0.308116 2 0.097066 0.330417 2 0.054358 0.348128 2 0.003015 0.362662 2
3 0.240570 0.218352 0.112517 0.014905 0.296829 0.225804 2 0.267321 0.220113 2 0.239253 0.216739 2 0.213819 0.213087 2 0.184311 0.210900 2
1 0.109572 0.232617 0.213889 0.025067 0.216516 0.220084 2 0.155064 0.229332 2 0.104595 0.234931 2 0.051256 0.240255 2 0.002627 0.245150 2
2 0.224288 0.168380 0.134167 0.105260 0.291372 0.221010 2 0.254375 0.195162 2 0.221562 0.170674 2 0.191690 0.144534 2 0.157205 0.115749 2
1 0.084690 0.193021 0.106557 0.052112 0.137969 0.166965 2 0.109641 0.180197 2 0.084745 0.193970 2 0.063698 0.205373 2 0.031412 0.219077 2
3 0.148698 0.103001 0.283600 0.102072 0.290498 0.146392 2 0.189508 0.154036 2 0.117940 0.122760 2 0.057159 0.085318 2 0.006898 0.051965 2
2 0.061030 0.058905 0.018866 0.016826 0.051597 0.067318 2 0.056528 0.062925 2 0.061128 0.058817 2 0.065532 0.054884 2 0.070463 0.050492 2
2 0.052257 0.099136 0.022442 0.007532 0.063478 0.095370 2 0.057616 0.097335 2 0.052141 0.099172 2 0.046898 0.100937 2 0.041036 0.102902 2
1 0.181212 0.034259 0.224022 0.065521 0.069201 0.067020 2 0.144734 0.057471 2 0.204219 0.042214 2 0.251580 0.025625 2 0.293223 0.001499 2
3 0.202911 0.077830 0.161157 0.054525 0.283490 0.105093 2 0.236366 0.098142 2 0.193206 0.089948 2 0.154352 0.073510 2 0.122332 0.050567 2
3 0.088411 0.099725 0.170666 0.017645 0.173744 0.090903 2 0.138437 0.099980 2 0.091568 0.107060 2 0.045787 0.108547 2 0.003079 0.103762 2
3 0.127436 0.079005 0.047315 0.003137 0.151094 0.078313 2 0.141001 0.080573 2 0.128877 0.079983 2 0.117257 0.078391 2 0.103779 0.077436 2
1 0.181322 0.040545 0.021719 0.078712 0.175434 0.079902 2 0.170463 0.058854 2 0.174462 0.039476 2 0.179925 0.021453 2 0.192182 0.001189 2
2 0.309722 0.051445 0.005833 0.084262 0.312459 0.093576 2 0.308999 0.072199 2 0.306806 0.052329 2 0.306956 0.031985 2 0.312639 0.009314 2
2 0.210194 0.008987 0.289994 0.015660 0.355191 0.001157 2 0.277135 0.010596 2 0.207841 0.016817 2 0.133825 0.014343 2 0.065197 0.008698 2
3 0.390584 0.076273 0.117558 0.035810 0.331806 0.094178 2 0.361337 0.084459 2 0.390503 0.076264 2 0.417789 0.067581 2 0.449363 0.058368 2
3 0.499525 0.046955 0.097755 0.035373 0.450648 0.064641 2 0.485712 0.060165 2 0.518663 0.052552 2 0.538964 0.042847 2 0.548403 0.029268 2
2 0.383417 0.028804 0.036337 0.049789 0.401586 0.053698 2 0.392506 0.040694 2 0.385168 0.028721 2 0.374334 0.016913 2 0.365249 0.003909 2
1 0.509933 0.739823 0.045781 0.091094 0.532824 0.785370 2 0.516557 0.763064 2 0.501840 0.740220 2 0.492159 0.717159 2 0.487043 0.694277 2
3 0.542798 0.606602 0.220041 0.041264 0.432778 0.627234 2 0.495648 0.619002 2 0.548426 0.609210 2 0.600260 0.597590 2 0.652818 0.585969 2
3 0.860874 0.582186 0.152512 0.012242 0.784618 0.576065 2 0.828137 0.579630 2 0.864716 0.582569 2 0.900677 0.585417 2 0.937130 0.588307 2
3 0.555098 0.515120 0.265741 0.032196 0.422228 0.521626 2 0.501030 0.531218 2 0.579381 0.525828 2 0.634994 0.514627 2 0.687969 0.499022 2
3 0.551325 0.473440 0.267836 0.074010 0.417407 0.436435 2 0.458050 0.468038 2 0.543530 0.510446 2 0.635619 0.508678 2 0.685243 0.483009 2
3 0.419731 0.423782 0.049832 0.015133 0.394815 0.431348 2 0.409051 0.428330 2 0.421007 0.424740 2 0.432743 0.420477 2 0.444647 0.416215 2
3 0.881403 0.422617 0.099867 0.038892 0.831470 0.442063 2 0.859132 0.432966 2 0.883958 0.424748 2 0.907483 0.413961 2 0.931337 0.403171 2
1 0.834543 0.424588 0.013866 0.011745 0.841476 0.430460 2 0.836858 0.427575 2 0.833391 0.424525 2 0.829925 0.421641 2 0.827610 0.418715 2
2 0.871076 0.394374 0.038333 0.039187 0.890243 0.413967 2 0.880660 0.403733 2 0.871076 0.394172 2 0.861493 0.385014 2 0.851910 0.374780 2
3 0.439303 0.323076 0.098177 0.010064 0.390214 0.328108 2 0.418264 0.326102 2 0.441811 0.323712 2 0.464942 0.320880 2 0.488391 0.318044 2
3 0.458510 0.371898 0.059682 0.063576 0.454300 0.340110 2 0.474456 0.370781 2 0.488351 0.403686 2 0.450602 0.373944 2 0.428669 0.340359 2
1 0.459161 0.399191 0.021493 0.024320 0.448414 0.411351 2 0.455828 0.404702 2 0.461626 0.398721 2 0.467529 0.392182 2 0.469907 0.387031 2
3 0.578984 0.365479 0.179369 0.077393 0.489300 0.326782 2 0.540428 0.347483 2 0.586499 0.365365 2 0.631626 0.385399 2 0.668669 0.404175 2
3 0.416455 0.216377 0.094392 0.048837 0.369259 0.240796 2 0.395399 0.227028 2 0.419479 0.215258 2 0.442280 0.204702 2 0.463652 0.191959 2
2 0.260017 0.170551 0.243854 0.095952 0.381944 0.218527 2 0.340920 0.189158 2 0.288987 0.165929 2 0.213333 0.142303 2 0.138090 0.122575 2
3 0.662911 0.112886 0.375972 0.154291 0.474925 0.190032 2 0.520700 0.144060 2 0.619271 0.094569 2 0.723976 0.066829 2 0.850897 0.035741 2
1 0.766510 0.116648 0.146852 0.066183 0.693084 0.083556 2 0.728513 0.104523 2 0.770237 0.119667 2 0.807170 0.132269 2 0.839936 0.149740 2
1 0.809566 0.052432 0.117928 0.013388 0.750602 0.059083 2 0.781690 0.059126 2 0.811094 0.056013 2 0.838501 0.051646 2 0.868530 0.045738 2
2 0.643345 0.071726 0.022558 0.027364 0.632066 0.085408 2 0.638229 0.078449 2 0.643588 0.071672 2 0.648461 0.065003 2 0.654624 0.058044 2
