3 0.394010 0.335009 0.294931 0.054601 0.541476 0.307708 2 0.479832 0.325237 2 0.423293 0.344965 2 0.346314 0.362309 2 0.246545 0.351794 2
2 0.145498 0.320175 0.159711 0.058718 0.225353 0.349534 2 0.172847 0.339962 2 0.132922 0.324766 2 0.095787 0.307899 2 0.065642 0.290816 2
3 0.619780 0.261502 0.098542 0.004028 0.570509 0.259488 2 0.595029 0.259693 2 0.619815 0.262063 2 0.642558 0.263516 2 0.669051 0.262616 2
2 0.751076 0.271152 0.229907 0.008565 0.866030 0.268547 2 0.810914 0.274661 2 0.756887 0.275064 2 0.692622 0.275434 2 0.636123 0.266869 2
2 0.834158 0.242613 0.301510 0.040289 0.984913 0.222468 2 0.918582 0.239586 2 0.846105 0.253154 2 0.766088 0.258524 2 0.683403 0.262758 2
1 0.846884 0.236646 0.006001 0.027639 0.843883 0.250466 2 0.846713 0.244219 2 0.848449 0.236635 2 0.849531 0.229884 2 0.849884 0.222827 2
3 0.621308 0.230294 0.152905 0.009065 0.544855 0.233709 2 0.572720 0.225761 2 0.613206 0.231045 2 0.651545 0.234826 2 0.697760 0.231594 2
3 0.601632 0.188089 0.139190 0.005807 0.532037 0.190992 2 0.566204 0.185747 2 0.599832 0.185185 2 0.632812 0.186638 2 0.671227 0.185735 2
3 0.576924 0.206615 0.004010 0.026892 0.578929 0.193168 2 0.574919 0.200000 2 0.576273 0.206771 2 0.575463 0.212951 2 0.576696 0.220061 2
3 0.659751 0.220395 0.054780 0.054401 0.632361 0.193194 2 0.650741 0.207488 2 0.662720 0.221632 2 0.673084 0.234219 2 0.687141 0.247595 2
2 0.549751 0.154805 0.014363 0.046837 0.556933 0.178223 2 0.553339 0.165992 2 0.549751 0.154563 2 0.546163 0.143620 2 0.542569 0.131386 2
1 0.651253 0.158997 0.037772 0.019233 0.670139 0.168614 2 0.657546 0.163892 2 0.647263 0.159569 2 0.637986 0.154172 2 0.632367 0.149381 2
1 0.699905 0.137047 0.047760 0.064876 0.676024 0.169485 2 0.698542 0.150440 2 0.710949 0.134407 2 0.718582 0.118655 2 0.723785 0.104609 2
2 0.449757 0.401319 0.228646 0.031076 0.564080 0.385781 2 0.517089 0.406285 2 0.456319 0.416858 2 0.395208 0.413050 2 0.335434 0.395365 2
3 0.565718 0.399831 0.014803 0.066085 0.573119 0.366788 2 0.568825 0.382894 2 0.564207 0.399094 2 0.558316 0.415440 2 0.565486 0.432873 2
3 0.584942 0.360447 0.068542 0.009482 0.619213 0.365188 2 0.603183 0.360796 2 0.586435 0.356739 2 0.569225 0.355706 2 0.550671 0.356962 2
2 0.758302 0.347339 0.230538 0.039135 0.873571 0.327772 2 0.823345 0.339905 2 0.771123 0.349549 2 0.711528 0.358252 2 0.643032 0.366907 2
2 0.790020 0.378584 0.089844 0.033174 0.834942 0.361997 2 0.813501 0.370755 2 0.793368 0.378785 2 0.771204 0.386282 2 0.745098 0.395171 2
3 0.695703 0.405896 0.061973 0.002237 0.664716 0.405969 2 0.678611 0.404777 2 0.692691 0.405139 2 0.708819 0.407014 2 0.726690 0.405362 2
2 0.874424 0.457998 0.247078 0.015492 0.997963 0.461053 2 0.935347 0.465744 2 0.866418 0.465298 2 0.810110 0.458180 2 0.750885 0.450252 2
3 0.751887 0.449232 0.087928 0.018325 0.707922 0.458394 2 0.729491 0.452769 2 0.749444 0.447454 2 0.773837 0.444282 2 0.795851 0.440069 2
1 0.785168 0.404343 0.245278 0.066667 0.907807 0.437677 2 0.833872 0.427118 2 0.769722 0.411646 2 0.708929 0.392914 2 0.662529 0.371010 2
2 0.963258 0.432652 0.069560 0.006195 0.998038 0.429554 2 0.980590 0.431024 2 0.963229 0.432616 2 0.945926 0.434280 2 0.928478 0.435749 2
2 0.192850 0.483126 0.149682 0.066455 0.267691 0.516354 2 0.230272 0.498996 2 0.192853 0.482784 2 0.155434 0.467254 2 0.118009 0.449899 2
2 0.336108 0.498832 0.108281 0.026455 0.390249 0.512060 2 0.365278 0.503501 2 0.338553 0.497130 2 0.311481 0.490666 2 0.281968 0.485605 2
3 0.355700 0.517797 0.165139 0.005078 0.438270 0.520336 2 0.397425 0.515258 2 0.357708 0.517763 2 0.316678 0.519381 2 0.273131 0.518686 2
3 0.541858 0.484758 0.201644 0.069065 0.642679 0.450226 2 0.582784 0.461641 2 0.533582 0.481892 2 0.488744 0.501681 2 0.441036 0.519291 2
1 0.832517 0.452014 0.136424 0.134942 0.764306 0.519485 2 0.804554 0.486128 2 0.840185 0.451580 2 0.872940 0.418241 2 0.900729 0.384543 2
2 0.602682 0.442817 0.236476 0.111762 0.720920 0.498698 2 0.651586 0.481661 2 0.584861 0.454404 2 0.530307 0.423533 2 0.484444 0.386936 2
3 0.961212 0.565059 0.074034 0.056878 0.998229 0.536620 2 0.963102 0.547153 2 0.959705 0.565142 2 0.945017 0.581204 2 0.924196 0.593498 2
3 0.824002 0.545554 0.189959 0.097891 0.918981 0.594499 2 0.854213 0.581166 2 0.807089 0.557225 2 0.762894 0.529219 2 0.729022 0.496609 2
3 0.908047 0.622470 0.172865 0.061218 0.821615 0.653079 2 0.856464 0.634225 2 0.893866 0.617332 2 0.939936 0.601797 2 0.994479 0.591861 2
1 0.919893 0.632753 0.135006 0.062752 0.852390 0.664129 2 0.884034 0.645715 2 0.913362 0.630356 2 0.944468 0.614387 2 0.987396 0.601377 2
3 0.748371 0.702282 0.119010 0.059708 0.807876 0.672428 2 0.792089 0.689855 2 0.768437 0.706858 2 0.733472 0.722167 2 0.688866 0.732135 2
1 0.941644 0.713720 0.111227 0.024962 0.886030 0.701238 2 0.915775 0.708649 2 0.944381 0.715590 2 0.973003 0.721808 2 0.997257 0.726201 2
2 0.819036 0.672704 0.121233 0.052509 0.758420 0.646450 2 0.796337 0.658987 2 0.817355 0.674384 2 0.848021 0.686629 2 0.879653 0.698958 2
2 0.423738 0.594847 0.400208 0.104462 0.623843 0.634737 2 0.511464 0.647078 2 0.409618 0.627755 2 0.307112 0.590752 2 0.223634 0.542616 2
3 0.813764 0.669457 0.364797 0.080657 0.996163 0.709786 2 0.909861 0.682448 2 0.817187 0.666522 2 0.729780 0.642014 2 0.631366 0.629129 2
1 0.987671 0.355434 0.021557 0.065197 0.998449 0.388032 2 0.988652 0.372234 2 0.980469 0.358021 2 0.976892 0.339916 2 0.979120 0.322836 2
3 0.977277 0.211784 0.039624 0.014997 0.997089 0.219282 2 0.987465 0.215553 2 0.977685 0.212318 2 0.966811 0.208163 2 0.957465 0.204285 2
2 0.854031 0.232332 0.284520 0.026215 0.996291 0.239034 2 0.924491 0.245440 2 0.853385 0.242986 2 0.777448 0.233492 2 0.711771 0.219225 2
3 0.726172 0.387705 0.165804 0.021204 0.643270 0.377104 2 0.684520 0.386183 2 0.726227 0.394878 2 0.764497 0.398307 2 0.809074 0.396181 2
1 0.840981 0.921768 0.077668 0.033374 0.802147 0.905081 2 0.818571 0.914965 2 0.839323 0.924499 2 0.859103 0.932688 2 0.879815 0.938455 2
2 0.730298 0.884945 0.189728 0.041690 0.635434 0.864100 2 0.694126 0.866817 2 0.742512 0.880773 2 0.779809 0.893730 2 0.825162 0.905790 2
3 0.795758 0.837771 0.301655 0.063099 0.946586 0.806221 2 0.896325 0.829896 2 0.828252 0.850104 2 0.751800 0.866128 2 0.644931 0.869320 2
0 0.950935 0.857348 0.077575 0.143354 0.912147 0.929025 2 0.922731 0.877555 2 0.929086 0.826791 2 0.989722 0.785671 2 0.0 0.0 0
0 0.691088 0.479459 0.413113 0.647934 0.897645 0.803426 2 0.749803 0.573900 2 0.597847 0.353880 2 0.484531 0.155492 2 0.0 0.0 0
2 0.416267 0.166082 0.037303 0.006406 0.434919 0.169285 2 0.425590 0.167613 2 0.416267 0.166050 2 0.406944 0.164552 2 0.397616 0.162879 2
2 0.379850 0.272530 0.063588 0.032005 0.348056 0.288533 2 0.366649 0.280318 2 0.379427 0.270498 2 0.393299 0.260654 2 0.411644 0.256528 2
2 0.074659 0.190409 0.112153 0.074615 0.130735 0.227717 2 0.092564 0.210501 2 0.065926 0.191771 2 0.043472 0.172763 2 0.018582 0.153102 2
1 0.154719 0.190051 0.021429 0.082387 0.165434 0.231244 2 0.158287 0.211013 2 0.152934 0.189609 2 0.147575 0.169381 2 0.144005 0.148857 2
1 0.066042 0.221286 0.105694 0.022850 0.118889 0.232711 2 0.087853 0.227520 2 0.057234 0.221166 2 0.030810 0.215553 2 0.013194 0.209861 2
3 0.191042 0.226477 0.123403 0.017196 0.252743 0.217879 2 0.225747 0.228351 2 0.196412 0.235075 2 0.162841 0.234795 2 0.129340 0.234511 2
3 0.353698 0.191477 0.085521 0.043290 0.396458 0.200278 2 0.371036 0.213122 2 0.342708 0.203623 2 0.323582 0.187329 2 0.310937 0.169832 2
1 0.216629 0.140631 0.031395 0.074595 0.232326 0.177928 2 0.221863 0.159612 2 0.214010 0.140231 2 0.206163 0.121916 2 0.200932 0.103333 2
2 0.301123 0.214774 0.123681 0.063189 0.362963 0.246369 2 0.349514 0.226253 2 0.308692 0.211111 2 0.269913 0.199074 2 0.239282 0.183180 2
3 0.357185 0.197403 0.232436 0.026664 0.473403 0.184071 2 0.416788 0.191635 2 0.361794 0.203521 2 0.299398 0.208608 2 0.240966 0.210735 2
3 0.500975 0.241030 0.017413 0.015712 0.509682 0.248886 2 0.505179 0.244540 2 0.501192 0.241128 2 0.496696 0.237101 2 0.492269 0.233174 2
3 0.445179 0.239593 0.130914 0.027393 0.510637 0.228177 2 0.474745 0.225897 2 0.439103 0.226707 2 0.419780 0.240752 2 0.379722 0.253290 2
3 0.477419 0.254945 0.086887 0.003154 0.520862 0.256522 2 0.502442 0.253368 2 0.481829 0.254702 2 0.457610 0.254945 2 0.433976 0.255431 2
