3 0.330341 0.452222 0.186262 0.276042 0.423472 0.590243 2 0.353119 0.522977 2 0.312222 0.458802 2 0.275214 0.383177 2 0.237211 0.314201 2
3 0.475558 0.619424 0.087147 0.042992 0.519132 0.640920 2 0.499259 0.633961 2 0.479005 0.624777 2 0.453900 0.613090 2 0.431985 0.597928 2
3 0.448730 0.066944 0.048872 0.079034 0.424294 0.106461 2 0.444907 0.086956 2 0.458275 0.066849 2 0.467054 0.046852 2 0.473166 0.027428 2
3 0.368348 0.071612 0.066071 0.072755 0.401383 0.107989 2 0.385330 0.092902 2 0.368513 0.074716 2 0.353258 0.056600 2 0.335312 0.035234 2
3 0.049951 0.032329 0.089115 0.059126 0.005394 0.061892 2 0.037234 0.045987 2 0.061291 0.033261 2 0.078015 0.017098 2 0.094508 0.002766 2
0 0.216872 0.809345 0.423235 0.372752 0.428490 0.995720 2 0.340492 0.839468 2 0.146111 0.726293 2 0.005255 0.622969 2 0.0 0.0 0
0 0.477682 0.530216 0.135087 0.824401 0.485237 0.942416 2 0.545226 0.679980 2 0.496331 0.383168 2 0.410139 0.118015 2 0.0 0.0 0
3 0.705017 0.763941 0.235208 0.175203 0.587413 0.851542 2 0.687367 0.818747 2 0.749722 0.775579 2 0.794253 0.728223 2 0.822622 0.676340 2
3 0.357509 0.683446 0.224948 0.138721 0.245035 0.752807 2 0.331308 0.727422 2 0.390237 0.697934 2 0.434769 0.659699 2 0.469983 0.614086 2
3 0.319063 0.674297 0.382407 0.072419 0.510266 0.702613 2 0.378044 0.710506 2 0.272749 0.698984 2 0.199907 0.675663 2 0.127859 0.638087 2
3 0.383273 0.777133 0.241476 0.029334 0.504010 0.791800 2 0.438293 0.791111 2 0.374959 0.788102 2 0.312413 0.780431 2 0.262535 0.762465 2
3 0.177390 0.893844 0.349792 0.034158 0.352286 0.900324 2 0.257431 0.907060 2 0.164404 0.910923 2 0.076568 0.903802 2 0.002494 0.876765 2
3 0.250515 0.844750 0.491088 0.032509 0.496059 0.841609 2 0.376464 0.849719 2 0.263096 0.861004 2 0.134572 0.860205 2 0.004971 0.828495 2
