3 0.660197 0.776594 0.661574 0.133582 0.990984 0.843385 2 0.828814 0.801823 2 0.654525 0.775284 2 0.492726 0.743588 2 0.329410 0.709803 2
2 0.152786 0.657277 0.297402 0.135203 0.301487 0.716994 2 0.209653 0.724878 2 0.115301 0.681863 2 0.044097 0.635625 2 0.004086 0.589676 2
1 0.312642 0.671422 0.030608 0.058070 0.327946 0.700457 2 0.314109 0.686615 2 0.305932 0.673003 2 0.301950 0.656644 2 0.297338 0.642387 2
2 0.611508 0.817904 0.197622 0.138637 0.512697 0.748585 2 0.549936 0.786542 2 0.593478 0.821898 2 0.644288 0.853715 2 0.710318 0.887222 2
3 0.564589 0.818044 0.149294 0.065868 0.639236 0.785110 2 0.618785 0.805188 2 0.586991 0.825871 2 0.545041 0.841293 2 0.489942 0.850978 2
2 0.808218 0.744130 0.177095 0.068220 0.719670 0.778241 2 0.756198 0.757431 2 0.798611 0.740463 2 0.843328 0.724308 2 0.896765 0.710020 2
2 0.174146 0.496568 0.204311 0.165625 0.276302 0.579381 2 0.197407 0.545252 2 0.144589 0.501800 2 0.102205 0.457011 2 0.071991 0.413756 2
2 0.118073 0.507870 0.228657 0.084334 0.232402 0.550038 2 0.165816 0.537069 2 0.104306 0.515767 2 0.050764 0.492439 2 0.003744 0.465703 2
2 0.811591 0.653504 0.187315 0.032436 0.905249 0.637752 2 0.851603 0.637286 2 0.805301 0.644618 2 0.772622 0.658657 2 0.717934 0.669722 2
1 0.723533 0.643516 0.098397 0.005590 0.772731 0.646311 2 0.743079 0.645110 2 0.720839 0.643840 2 0.698594 0.642639 2 0.674334 0.640720 2
1 0.923909 0.500336 0.147147 0.044919 0.997483 0.522795 2 0.949439 0.511262 2 0.911644 0.500095 2 0.879931 0.488342 2 0.850336 0.477876 2
3 0.762095 0.345650 0.465532 0.073238 0.994861 0.309031 2 0.886580 0.332254 2 0.789491 0.363001 2 0.662193 0.382269 2 0.529329 0.366675 2
2 0.486959 0.363427 0.068791 0.010611 0.521354 0.367601 2 0.502274 0.368733 2 0.484745 0.365735 2 0.468322 0.361742 2 0.452564 0.358122 2
2 0.442847 0.328999 0.106528 0.069491 0.496111 0.363744 2 0.461846 0.348840 2 0.435214 0.330550 2 0.413924 0.312975 2 0.389583 0.294253 2
3 0.647040 0.305033 0.034774 0.157405 0.629653 0.383736 2 0.656435 0.342677 2 0.664427 0.302468 2 0.661013 0.265544 2 0.631233 0.226331 2
3 0.738113 0.220482 0.517465 0.091155 0.996846 0.266059 2 0.854606 0.254294 2 0.731412 0.235773 2 0.598715 0.209002 2 0.479381 0.174905 2
3 0.457425 0.214674 0.242512 0.022763 0.578681 0.212558 2 0.520556 0.222839 2 0.456597 0.226056 2 0.394288 0.217364 2 0.336169 0.203293 2
1 0.452176 0.120896 0.029687 0.084696 0.467020 0.163244 2 0.457124 0.142448 2 0.449699 0.120443 2 0.442280 0.099647 2 0.437332 0.078547 2
2 0.546053 0.167179 0.061088 0.057865 0.576597 0.196111 2 0.561325 0.180998 2 0.546053 0.166881 2 0.530781 0.153359 2 0.515509 0.138247 2
2 0.651241 0.148851 0.054601 0.072373 0.678542 0.185038 2 0.660307 0.167665 2 0.645897 0.149815 2 0.634919 0.132329 2 0.623941 0.112665 2
1 0.615998 0.165291 0.024740 0.074933 0.628368 0.202758 2 0.620122 0.184358 2 0.613935 0.164890 2 0.607755 0.146490 2 0.603628 0.127824 2
2 0.658006 0.260013 0.147714 0.030402 0.731863 0.244812 2 0.693356 0.252347 2 0.657280 0.259983 2 0.622656 0.267679 2 0.584149 0.275214 2
2 0.703079 0.120087 0.052512 0.172269 0.676823 0.206221 2 0.696892 0.160680 2 0.710006 0.119242 2 0.721910 0.077569 2 0.729334 0.033953 2
1 0.753061 0.208118 0.014514 0.039928 0.745804 0.228082 2 0.749091 0.218247 2 0.752894 0.207876 2 0.756441 0.198073 2 0.760318 0.188154 2
1 0.730156 0.169413 0.005243 0.031169 0.727535 0.184997 2 0.728947 0.177034 2 0.728432 0.169337 2 0.730029 0.161626 2 0.732778 0.153828 2
2 0.722963 0.270185 0.103113 0.036678 0.774520 0.251846 2 0.748571 0.259795 2 0.725498 0.271487 2 0.701557 0.280576 2 0.671406 0.288524 2
3 0.935330 0.224964 0.122708 0.026617 0.996684 0.238273 2 0.968640 0.233521 2 0.935081 0.230243 2 0.902888 0.221293 2 0.873976 0.211655 2
3 0.903472 0.217280 0.185637 0.038924 0.996291 0.197818 2 0.944172 0.201198 2 0.895278 0.207433 2 0.854149 0.222422 2 0.810654 0.236742 2
3 0.899071 0.239407 0.081094 0.005359 0.939618 0.236727 2 0.922025 0.237795 2 0.902679 0.239583 2 0.880012 0.240067 2 0.858524 0.242086 2
3 0.973252 0.216755 0.048681 0.021606 0.997593 0.227558 2 0.987164 0.222080 2 0.974867 0.217376 2 0.962616 0.211166 2 0.948912 0.205952 2
2 0.910203 0.200558 0.079456 0.028061 0.949931 0.214589 2 0.925006 0.212439 2 0.900851 0.205272 2 0.885851 0.196123 2 0.870475 0.186528 2
3 0.846128 0.168429 0.290081 0.047419 0.991169 0.144719 2 0.914485 0.160217 2 0.846007 0.176849 2 0.769578 0.190246 2 0.701088 0.192138 2
2 0.793628 0.167882 0.169398 0.047425 0.878328 0.175917 2 0.825671 0.191594 2 0.768617 0.177752 2 0.735197 0.161756 2 0.708929 0.144170 2
1 0.958134 0.173249 0.077205 0.001418 0.919531 0.173519 2 0.938675 0.172541 2 0.958709 0.172775 2 0.977679 0.172827 2 0.996736 0.173958 2
3 0.923843 0.124732 0.058438 0.004661 0.953061 0.126429 2 0.937002 0.127063 2 0.923623 0.126589 2 0.909896 0.125162 2 0.894624 0.122402 2
3 0.431881 0.617755 0.372604 0.135943 0.618183 0.685726 2 0.527598 0.671481 2 0.435920 0.646351 2 0.336406 0.607500 2 0.245579 0.549783 2
3 0.816441 0.654271 0.357130 0.060787 0.995006 0.623877 2 0.926875 0.642795 2 0.854103 0.666343 2 0.755550 0.681383 2 0.637876 0.684664 2
3 0.848620 0.541804 0.300700 0.068707 0.998970 0.507451 2 0.914028 0.531510 2 0.842477 0.553987 2 0.776644 0.576157 2 0.698270 0.564479 2
3 0.615859 0.569900 0.163594 0.004355 0.697656 0.569022 2 0.666024 0.570026 2 0.632240 0.571279 2 0.586481 0.572078 2 0.534062 0.567723 2
2 0.618267 0.547143 0.151244 0.032300 0.693889 0.563293 2 0.658825 0.552795 2 0.623304 0.544456 2 0.583663 0.537135 2 0.542645 0.530992 2
2 0.441047 0.524246 0.176898 0.082723 0.529497 0.565608 2 0.484815 0.544303 2 0.440127 0.524398 2 0.395446 0.505336 2 0.352598 0.482885 2
1 0.313128 0.470872 0.063802 0.023672 0.345029 0.482708 2 0.323762 0.476895 2 0.307812 0.470744 2 0.291863 0.464933 2 0.281227 0.459036 2
1 0.893024 0.540577 0.125932 0.026253 0.955990 0.527451 2 0.926962 0.545538 2 0.899294 0.549248 2 0.867616 0.552824 2 0.830058 0.553704 2
3 0.909876 0.469877 0.165503 0.012225 0.992627 0.463764 2 0.959404 0.469065 2 0.921481 0.472865 2 0.875405 0.475095 2 0.827124 0.475990 2
2 0.738863 0.434664 0.148906 0.085909 0.813316 0.477619 2 0.766163 0.458999 2 0.728559 0.439187 2 0.692095 0.416820 2 0.664410 0.391710 2
3 0.967564 0.367571 0.059699 0.001357 0.997413 0.366892 2 0.985434 0.366956 2 0.971748 0.367665 2 0.955127 0.368082 2 0.937714 0.368249 2
3 0.765113 0.398490 0.358478 0.132008 0.944352 0.464494 2 0.865694 0.448232 2 0.778432 0.423400 2 0.674491 0.385417 2 0.585874 0.332486 2
3 0.925622 0.420992 0.110029 0.092564 0.980637 0.374711 2 0.953900 0.394352 2 0.933385 0.417182 2 0.905110 0.442225 2 0.870608 0.467274 2
2 0.717824 0.427488 0.425150 0.040197 0.930399 0.407390 2 0.828565 0.433938 2 0.719711 0.447587 2 0.614977 0.444149 2 0.505249 0.420940 2
