3 0.869473 0.929178 0.258958 0.015770 0.998953 0.921293 2 0.929624 0.921875 2 0.862321 0.926256 2 0.803895 0.931837 2 0.739994 0.937063 2
2 0.786968 0.905843 0.263831 0.002538 0.918883 0.907057 2 0.852639 0.907112 2 0.786777 0.906276 2 0.720914 0.905472 2 0.655052 0.904575 2
3 0.736994 0.659372 0.159091 0.004497 0.816539 0.661620 2 0.775723 0.657627 2 0.733304 0.657124 2 0.697303 0.659242 2 0.657448 0.660087 2
3 0.615185 0.654281 0.159618 0.012005 0.694994 0.653597 2 0.656834 0.648278 2 0.612818 0.648568 2 0.575498 0.653605 2 0.535376 0.660284 2
2 0.317017 0.676628 0.416707 0.029459 0.525370 0.661898 2 0.437870 0.677046 2 0.330683 0.691357 2 0.216817 0.689656 2 0.108663 0.662231 2
3 0.955775 0.616573 0.082500 0.005188 0.914525 0.619167 2 0.938704 0.618009 2 0.958275 0.616644 2 0.978825 0.615451 2 0.997025 0.613979 2
3 0.790437 0.595527 0.403594 0.008397 0.992234 0.598620 2 0.882859 0.591328 2 0.782101 0.592471 2 0.695677 0.596898 2 0.588640 0.599725 2
3 0.303064 0.563030 0.500631 0.077512 0.553380 0.601785 2 0.424705 0.586345 2 0.301377 0.560203 2 0.178565 0.547512 2 0.052749 0.524274 2
2 0.392755 0.558278 0.007917 0.017187 0.396713 0.566872 2 0.394734 0.562381 2 0.392755 0.558189 2 0.390775 0.554172 2 0.388796 0.549685 2
2 0.034306 0.500430 0.060324 0.037034 0.064468 0.518947 2 0.045185 0.510992 2 0.028958 0.501383 2 0.016551 0.491774 2 0.004144 0.481913 2
2 0.565917 0.593801 0.011765 0.022503 0.571800 0.605052 2 0.565972 0.598767 2 0.563993 0.593411 2 0.562014 0.588281 2 0.560035 0.582549 2
3 0.507891 0.770615 0.569439 0.060628 0.792610 0.740301 2 0.632610 0.749502 2 0.504803 0.778730 2 0.374537 0.800373 2 0.223171 0.800929 2
2 0.109323 0.817880 0.210486 0.031415 0.214566 0.802173 2 0.169306 0.815573 2 0.116360 0.827972 2 0.057355 0.833588 2 0.004080 0.832095 2
2 0.307280 0.779533 0.142072 0.024436 0.378316 0.791751 2 0.340509 0.788996 2 0.307280 0.779407 2 0.271765 0.773695 2 0.236244 0.767315 2
2 0.567679 0.784592 0.101863 0.023576 0.516748 0.772804 2 0.541424 0.779635 2 0.564994 0.786626 2 0.590874 0.792219 2 0.618611 0.796380 2
3 0.971646 0.734473 0.053686 0.002448 0.944803 0.735697 2 0.960538 0.735153 2 0.973270 0.734505 2 0.986644 0.733944 2 0.998490 0.733249 2
1 0.917014 0.886209 0.069514 0.014693 0.882257 0.878863 2 0.901609 0.879091 2 0.921563 0.883539 2 0.938079 0.888339 2 0.951771 0.893556 2
1 0.769164 0.723727 0.456973 0.060758 0.997650 0.754106 2 0.849601 0.740272 2 0.731117 0.725124 2 0.634172 0.710373 2 0.540677 0.693348 2
3 0.499196 0.959672 0.991435 0.009644 0.994913 0.958764 2 0.722714 0.954850 2 0.477500 0.955043 2 0.237581 0.958302 2 0.003478 0.964494 2
2 0.097376 0.970295 0.037922 0.038223 0.116337 0.951183 2 0.106163 0.960940 2 0.097054 0.970388 2 0.088582 0.979650 2 0.078414 0.989407 2
3 0.375856 0.981960 0.031586 0.032827 0.391649 0.965547 2 0.379722 0.973466 2 0.369566 0.981947 2 0.363519 0.989664 2 0.360064 0.998374 2
1 0.142798 0.773579 0.053223 0.334334 0.116186 0.940747 2 0.145503 0.854314 2 0.158553 0.780735 2 0.169410 0.691007 2 0.168397 0.606412 2
1 0.485784 0.745469 0.284010 0.364468 0.343779 0.927703 2 0.457060 0.823255 2 0.534664 0.736447 2 0.592384 0.651823 2 0.627789 0.563235 2
1 0.630312 0.976655 0.145752 0.045660 0.703189 0.999485 2 0.662824 0.984430 2 0.625058 0.972037 2 0.591273 0.962150 2 0.557436 0.953825 2
1 0.736453 0.970016 0.133229 0.057821 0.803067 0.941105 2 0.759757 0.955434 2 0.728212 0.969384 2 0.696719 0.984540 2 0.669838 0.998927 2
2 0.884641 0.977318 0.221887 0.008900 0.773698 0.979311 2 0.838131 0.981768 2 0.890903 0.981155 2 0.944404 0.978328 2 0.995584 0.972867 2
3 0.790171 0.965642 0.010538 0.021719 0.795440 0.954783 2 0.791458 0.960023 2 0.788073 0.965634 2 0.786053 0.970741 2 0.784902 0.976502 2
3 0.974734 0.919512 0.027662 0.052034 0.960903 0.945530 2 0.970486 0.933102 2 0.976557 0.919384 2 0.984554 0.907445 2 0.988565 0.893495 2
3 0.966120 0.896037 0.063883 0.025067 0.998061 0.883504 2 0.979277 0.889308 2 0.964462 0.894870 2 0.948391 0.902509 2 0.934178 0.908571 2
1 0.924957 0.845242 0.106522 0.079991 0.978218 0.885237 2 0.948779 0.865501 2 0.921869 0.844621 2 0.897720 0.824887 2 0.871696 0.805246 2
3 0.323909 0.444003 0.084832 0.014065 0.366325 0.451036 2 0.345538 0.445813 2 0.322940 0.442020 2 0.305839 0.437257 2 0.281493 0.436970 2
3 0.352963 0.442470 0.031215 0.008996 0.368571 0.446968 2 0.361215 0.444291 2 0.352911 0.441884 2 0.345405 0.440095 2 0.337355 0.437972 2
1 0.831221 0.187211 0.206181 0.037569 0.934311 0.205995 2 0.865584 0.196771 2 0.814039 0.187011 2 0.767535 0.176869 2 0.728131 0.168426 2
3 0.427740 0.100540 0.663686 0.120587 0.759583 0.160833 2 0.590174 0.139589 2 0.415874 0.135278 2 0.237083 0.105935 2 0.095897 0.040246 2
2 0.315090 0.168112 0.286013 0.045385 0.458096 0.145420 2 0.394884 0.164439 2 0.323605 0.178443 2 0.247170 0.188414 2 0.172083 0.190804 2
2 0.191965 0.125553 0.076939 0.027141 0.230434 0.111982 2 0.210394 0.118741 2 0.191591 0.125541 2 0.173536 0.132367 2 0.153495 0.139123 2
2 0.043961 0.050725 0.076927 0.009430 0.082425 0.046010 2 0.062390 0.048356 2 0.043588 0.050720 2 0.025532 0.053090 2 0.005498 0.055440 2
1 0.241163 0.063138 0.036238 0.035049 0.259282 0.080663 2 0.247205 0.072057 2 0.238142 0.062951 2 0.229086 0.054343 2 0.223044 0.045613 2
1 0.069806 0.066633 0.133374 0.014552 0.136493 0.073562 2 0.096464 0.073909 2 0.060260 0.070625 2 0.029549 0.066392 2 0.003119 0.059358 2
1 0.134870 0.027030 0.008825 0.049835 0.130457 0.051947 2 0.132575 0.039711 2 0.134873 0.026762 2 0.137037 0.014525 2 0.139282 0.002112 2
3 0.910871 0.369008 0.032668 0.016510 0.894537 0.377263 2 0.901181 0.370784 2 0.907760 0.366447 2 0.916736 0.362173 2 0.927205 0.360752 2
3 0.388900 0.353393 0.754329 0.132532 0.766065 0.287127 2 0.577517 0.332089 2 0.401545 0.390234 2 0.223281 0.419207 2 0.011736 0.419659 2
1 0.891837 0.430625 0.093906 0.216568 0.844884 0.538909 2 0.904959 0.482367 2 0.926105 0.431149 2 0.938791 0.377862 2 0.926806 0.322341 2
1 0.689806 0.464319 0.098640 0.128406 0.739126 0.528521 2 0.707899 0.496586 2 0.684473 0.462798 2 0.661053 0.430862 2 0.640486 0.400116 2
2 0.929931 0.481574 0.135069 0.027396 0.997465 0.467876 2 0.964086 0.476615 2 0.930608 0.484002 2 0.895775 0.488631 2 0.862396 0.495272 2
2 0.969644 0.432930 0.058455 0.017364 0.998872 0.441612 2 0.985064 0.437529 2 0.970185 0.433145 2 0.955301 0.428944 2 0.940417 0.424248 2
2 0.831377 0.401370 0.185498 0.031340 0.924126 0.417040 2 0.877992 0.409968 2 0.830903 0.402323 2 0.785405 0.393886 2 0.738628 0.385700 2
1 0.048302 0.377843 0.092622 0.058863 0.094612 0.407274 2 0.066707 0.391959 2 0.042442 0.375758 2 0.021354 0.360923 2 0.001991 0.348411 2
2 0.334896 0.397590 0.067882 0.029803 0.368837 0.382688 2 0.347899 0.386869 2 0.331944 0.393001 2 0.315527 0.401681 2 0.300955 0.412491 2
1 0.369589 0.325145 0.028484 0.104398 0.383831 0.377344 2 0.378050 0.350709 2 0.367749 0.324036 2 0.363490 0.298356 2 0.355347 0.272946 2
3 0.913006 0.158578 0.167170 0.036131 0.829421 0.176644 2 0.876128 0.162983 2 0.918987 0.155009 2 0.958333 0.146447 2 0.996591 0.140512 2
1 0.535012 0.060985 0.312014 0.056357 0.691019 0.089164 2 0.599844 0.075553 2 0.519549 0.065038 2 0.442917 0.049595 2 0.379005 0.032807 2
3 0.598009 0.022150 0.161250 0.037199 0.678634 0.040749 2 0.640446 0.027483 2 0.597535 0.017462 2 0.558866 0.011597 2 0.517384 0.003550 2
3 0.429288 0.017373 0.233669 0.030451 0.546123 0.015177 2 0.492859 0.031968 2 0.425561 0.032598 2 0.356325 0.020709 2 0.312454 0.002147 2
3 0.892150 0.016626 0.185631 0.028432 0.799334 0.030842 2 0.853767 0.029890 2 0.903403 0.023492 2 0.944138 0.015003 2 0.984965 0.002410 2
0 0.808050 0.513848 0.146817 0.963484 0.861123 0.995590 2 0.881458 0.662439 2 0.825341 0.334685 2 0.734641 0.032106 2 0.0 0.0 0
3 0.895663 0.251144 0.082957 0.007480 0.854184 0.254884 2 0.878814 0.251438 2 0.898385 0.250069 2 0.918935 0.248877 2 0.937141 0.247405 2
3 0.966916 0.261117 0.063160 0.011927 0.935336 0.255153 2 0.955058 0.257792 2 0.969641 0.260897 2 0.984769 0.264340 2 0.998495 0.267080 2
1 0.558704 0.120693 0.878889 0.234193 0.998148 0.237789 2 0.690822 0.223524 2 0.449693 0.172225 2 0.261013 0.089465 2 0.119259 0.003597 2
3 0.967934 0.204664 0.059028 0.002830 0.997448 0.203249 2 0.983368 0.204109 2 0.966562 0.205142 2 0.953206 0.205813 2 0.938420 0.206079 2
3 0.590119 0.471917 0.409705 0.027682 0.794971 0.469572 2 0.683686 0.473351 2 0.583692 0.485758 2 0.482378 0.478924 2 0.385266 0.458076 2
3 0.187034 0.477224 0.366395 0.035304 0.370231 0.463996 2 0.284138 0.480813 2 0.196522 0.494876 2 0.082610 0.491247 2 0.003837 0.459572 2
1 0.120914 0.403785 0.167199 0.160845 0.204514 0.484207 2 0.143056 0.443278 2 0.101256 0.405313 2 0.065185 0.363429 2 0.037315 0.323362 2
2 0.176861 0.518981 0.029172 0.038021 0.191447 0.499971 2 0.183501 0.509589 2 0.176557 0.519034 2 0.170220 0.528377 2 0.162274 0.537992 2
1 0.479068 0.376137 0.157731 0.145799 0.400203 0.449036 2 0.445341 0.406840 2 0.481082 0.372020 2 0.517130 0.335880 2 0.557934 0.303238 2
