3 0.088244 0.367867 0.172911 0.106667 0.001788 0.421201 2 0.056331 0.396536 2 0.104207 0.370341 2 0.136944 0.346348 2 0.174699 0.314534 2
2 0.092613 0.288539 0.070990 0.092101 0.128108 0.334589 2 0.110359 0.310535 2 0.092610 0.288064 2 0.074861 0.266542 2 0.057118 0.242488 2
2 0.274774 0.293325 0.180035 0.056823 0.184757 0.321736 2 0.234931 0.310544 2 0.275260 0.298122 2 0.318646 0.283655 2 0.364792 0.264913 2
1 0.261690 0.264891 0.060336 0.081583 0.231522 0.305683 2 0.252853 0.285046 2 0.264352 0.264008 2 0.280654 0.243218 2 0.291858 0.224100 2
3 0.190133 0.301869 0.015822 0.027315 0.182222 0.315527 2 0.188484 0.308001 2 0.191730 0.301502 2 0.192512 0.294355 2 0.198044 0.288212 2
3 0.080414 0.465802 0.157263 0.045966 0.001782 0.442818 2 0.038241 0.455301 2 0.077506 0.468281 2 0.114734 0.480191 2 0.159045 0.488785 2
3 0.017917 0.154586 0.028553 0.018634 0.003640 0.163903 2 0.011568 0.158811 2 0.018860 0.153958 2 0.025966 0.149465 2 0.032193 0.145269 2
2 0.876357 0.764729 0.243189 0.097601 0.997951 0.813530 2 0.941325 0.786997 2 0.881574 0.763704 2 0.824948 0.740376 2 0.754763 0.715929 2
3 0.875582 0.131360 0.244196 0.144664 0.997679 0.203692 2 0.935017 0.179198 2 0.856088 0.140639 2 0.796053 0.099523 2 0.753484 0.059028 2
2 0.621311 0.027503 0.183050 0.049670 0.712836 0.052338 2 0.666348 0.039682 2 0.619861 0.027086 2 0.578443 0.015686 2 0.529786 0.002668 2
1 0.559734 0.055033 0.423113 0.103643 0.771291 0.106855 2 0.638461 0.090715 2 0.531233 0.060477 2 0.419659 0.028038 2 0.348177 0.003212 2
1 0.943067 0.096525 0.103785 0.100012 0.891175 0.146531 2 0.915075 0.121447 2 0.942216 0.095524 2 0.967622 0.070938 2 0.994959 0.046519 2
3 0.794430 0.079738 0.405619 0.077295 0.997240 0.109025 2 0.875613 0.118385 2 0.749641 0.096328 2 0.653490 0.075495 2 0.591620 0.041091 2
2 0.858938 0.085479 0.040758 0.049991 0.879317 0.110475 2 0.858484 0.099592 2 0.846348 0.088845 2 0.838559 0.074265 2 0.842367 0.060483 2
1 0.720272 0.038568 0.049144 0.075561 0.695700 0.076348 2 0.700619 0.055292 2 0.719977 0.035940 2 0.732407 0.017260 2 0.744844 0.000787 2
1 0.787624 0.163640 0.144253 0.097986 0.859751 0.212633 2 0.810966 0.188614 2 0.771586 0.163380 2 0.740243 0.138313 2 0.715498 0.114647 2
3 0.932248 0.215881 0.082390 0.008012 0.973443 0.211875 2 0.956094 0.214540 2 0.935272 0.217694 2 0.917095 0.219760 2 0.891053 0.219887 2
3 0.785573 0.262396 0.228206 0.063976 0.899676 0.230408 2 0.848090 0.249358 2 0.799682 0.265770 2 0.748744 0.278322 2 0.671470 0.294384 2
2 0.635903 0.341567 0.087477 0.088122 0.679641 0.297506 2 0.660891 0.320888 2 0.640017 0.343756 2 0.621817 0.362876 2 0.592164 0.385628 2
3 0.758536 0.446176 0.479722 0.032977 0.998397 0.451340 2 0.882234 0.462665 2 0.757130 0.460975 2 0.629878 0.446716 2 0.518675 0.429688 2
