2 0.900573 0.383468 0.181493 0.036641 0.809826 0.365148 2 0.851348 0.372862 2 0.899236 0.382477 2 0.939676 0.392057 2 0.991319 0.401788 2
3 0.833568 0.415865 0.079126 0.007772 0.873131 0.412963 2 0.855561 0.411979 2 0.833744 0.413872 2 0.814225 0.417543 2 0.794005 0.419751 2
3 0.790422 0.407355 0.116192 0.007772 0.848519 0.405599 2 0.817772 0.403469 2 0.787483 0.404407 2 0.760394 0.408270 2 0.732326 0.411241 2
2 0.694604 0.150709 0.104925 0.165122 0.642141 0.068148 2 0.675451 0.109120 2 0.692882 0.148163 2 0.715179 0.191146 2 0.747066 0.233270 2
3 0.820914 0.132587 0.347951 0.017211 0.646939 0.132008 2 0.736881 0.123981 2 0.817853 0.124476 2 0.905278 0.130622 2 0.994890 0.141192 2
2 0.702347 0.285033 0.122054 0.133602 0.763374 0.351834 2 0.741441 0.314633 2 0.708287 0.284343 2 0.678432 0.252792 2 0.641319 0.218232 2
2 0.971314 0.314297 0.055197 0.005648 0.943715 0.311473 2 0.957506 0.313192 2 0.970602 0.314722 2 0.983281 0.316137 2 0.998912 0.317121 2
3 0.977908 0.237545 0.038895 0.006808 0.958461 0.234769 2 0.968542 0.234141 2 0.979155 0.234320 2 0.988675 0.236291 2 0.997355 0.240949 2
3 0.977399 0.179125 0.038478 0.005668 0.958160 0.181959 2 0.966510 0.179068 2 0.976082 0.176768 2 0.986348 0.176311 2 0.996638 0.176291 2
2 0.853296 0.140055 0.037216 0.017714 0.834687 0.131198 2 0.846765 0.134514 2 0.854537 0.139598 2 0.863258 0.144109 2 0.871904 0.148912 2
2 0.929109 0.191573 0.115984 0.116392 0.871117 0.133377 2 0.914468 0.161175 2 0.932969 0.188556 2 0.960145 0.218197 2 0.987101 0.249769 2
2 0.790113 0.230676 0.103976 0.017358 0.842101 0.221997 2 0.819514 0.227659 2 0.794792 0.230420 2 0.767396 0.234491 2 0.738125 0.239355 2
3 0.892998 0.221344 0.042581 0.012977 0.914288 0.227833 2 0.905231 0.224922 2 0.893096 0.221169 2 0.882882 0.217839 2 0.871707 0.214855 2
2 0.944711 0.264416 0.027870 0.038924 0.930775 0.283877 2 0.938061 0.273712 2 0.944855 0.264216 2 0.951354 0.255119 2 0.958646 0.244954 2
3 0.962541 0.359727 0.070556 0.005668 0.927263 0.362561 2 0.942575 0.359670 2 0.960122 0.357370 2 0.978947 0.356913 2 0.997818 0.356892 2
2 0.854546 0.271804 0.283536 0.066565 0.712778 0.238521 2 0.787616 0.254051 2 0.849902 0.270778 2 0.918721 0.287445 2 0.996314 0.305087 2
3 0.408472 0.089298 0.203113 0.093921 0.510029 0.042338 2 0.446707 0.055211 2 0.404172 0.077954 2 0.357153 0.103478 2 0.306916 0.136259 2
2 0.458270 0.056233 0.183785 0.105862 0.550162 0.109164 2 0.503183 0.080521 2 0.460787 0.055014 2 0.418848 0.027593 2 0.366377 0.003302 2
2 0.460127 0.098840 0.176898 0.093218 0.548576 0.144855 2 0.491291 0.145448 2 0.433166 0.120550 2 0.403148 0.087804 2 0.371678 0.052231 2
2 0.497951 0.135710 0.129317 0.070628 0.562610 0.171024 2 0.522691 0.154329 2 0.488715 0.140469 2 0.456059 0.120061 2 0.433293 0.100396 2
3 0.661314 0.220978 0.070312 0.026759 0.696470 0.234358 2 0.685880 0.221131 2 0.666157 0.213900 2 0.647338 0.208782 2 0.626157 0.207598 2
1 0.259242 0.199172 0.104965 0.110903 0.311725 0.254624 2 0.288802 0.224612 2 0.267141 0.196782 2 0.235862 0.169063 2 0.206759 0.143721 2
2 0.212295 0.341317 0.104300 0.057627 0.160145 0.312503 2 0.186204 0.327546 2 0.212286 0.341612 2 0.238380 0.355087 2 0.264444 0.370130 2
2 0.125226 0.299054 0.026620 0.000480 0.138536 0.299294 2 0.131881 0.299170 2 0.125226 0.299051 2 0.118571 0.298938 2 0.111916 0.298814 2
3 0.210295 0.293631 0.126840 0.031910 0.273715 0.277677 2 0.210671 0.290093 2 0.146875 0.289742 2 0.157037 0.309586 2 0.176534 0.297376 2
3 0.438874 0.270637 0.329010 0.016343 0.603380 0.278808 2 0.536215 0.265564 2 0.454091 0.262465 2 0.362541 0.266273 2 0.274369 0.265518 2
0 0.895289 0.397525 0.120567 0.593383 0.835006 0.694216 2 0.901198 0.500370 2 0.924838 0.302966 2 0.955573 0.100833 2 0.0 0.0 0
0 0.681337 0.356745 0.212766 0.691487 0.787720 0.702488 2 0.686065 0.464158 2 0.645880 0.238171 2 0.574954 0.011001 2 0.0 0.0 0
0 0.798148 0.870097 0.028565 0.249852 0.783866 0.995023 2 0.798634 0.908724 2 0.809120 0.828848 2 0.812431 0.745171 2 0.0 0.0 0
1 0.880625 0.185104 0.070949 0.024022 0.916100 0.197115 2 0.892448 0.191215 2 0.875029 0.186887 2 0.856973 0.179077 2 0.845150 0.173093 2
2 0.994048 0.079142 0.005226 0.015738 0.991435 0.087011 2 0.992824 0.082905 2 0.994086 0.079063 2 0.995272 0.075379 2 0.996661 0.071273 2
2 0.976701 0.117312 0.009062 0.013235 0.972170 0.110694 2 0.974462 0.114155 2 0.976713 0.117381 2 0.978941 0.120469 2 0.981233 0.123929 2
1 0.664751 0.096931 0.015475 0.048278 0.657014 0.121071 2 0.666244 0.109867 2 0.671001 0.098238 2 0.671840 0.086140 2 0.672488 0.072792 2
1 0.641100 0.095314 0.021019 0.019511 0.630590 0.105069 2 0.636111 0.100107 2 0.641591 0.094959 2 0.646458 0.090431 2 0.651609 0.085558 2
1 0.659207 0.075920 0.006562 0.090498 0.655926 0.121169 2 0.658368 0.097888 2 0.659821 0.074112 2 0.661267 0.053122 2 0.662488 0.030671 2
1 0.772043 0.086422 0.061840 0.098568 0.741123 0.135706 2 0.757355 0.111357 2 0.771950 0.085767 2 0.787112 0.061557 2 0.802963 0.037138 2
1 0.971247 0.059873 0.049948 0.060376 0.946273 0.090061 2 0.958148 0.075145 2 0.971169 0.059470 2 0.983414 0.044641 2 0.996221 0.029685 2
1 0.947182 0.049822 0.005035 0.067879 0.949699 0.083762 2 0.948021 0.067092 2 0.946759 0.049459 2 0.945503 0.032792 2 0.944664 0.015883 2
1 0.911198 0.085511 0.048565 0.045819 0.935480 0.108420 2 0.917917 0.098316 2 0.907153 0.086641 2 0.895012 0.074016 2 0.886916 0.062601 2
2 0.736889 0.165991 0.160608 0.013643 0.817193 0.159170 2 0.779213 0.166481 2 0.741296 0.172813 2 0.695203 0.171661 2 0.656586 0.165258 2
3 0.819902 0.154112 0.231262 0.025058 0.935532 0.166641 2 0.886580 0.161085 2 0.820984 0.153915 2 0.765770 0.147555 2 0.704271 0.141583 2
3 0.775067 0.362235 0.103559 0.007532 0.723287 0.366001 2 0.745758 0.362593 2 0.771516 0.358469 2 0.799149 0.359334 2 0.826846 0.361658 2
3 0.843976 0.445043 0.309178 0.015469 0.689387 0.439659 2 0.756852 0.437309 2 0.832309 0.438672 2 0.910480 0.444488 2 0.998565 0.452778 2
3 0.305819 0.453980 0.060723 0.029187 0.336181 0.468573 2 0.324786 0.461198 2 0.313675 0.455205 2 0.296748 0.447326 2 0.275457 0.439387 2
3 0.633154 0.519332 0.041192 0.025353 0.653750 0.532008 2 0.646019 0.525599 2 0.638478 0.520396 2 0.627002 0.513550 2 0.612558 0.506655 2
3 0.123950 0.495661 0.072969 0.011855 0.160434 0.489734 2 0.141418 0.493113 2 0.123715 0.496288 2 0.105359 0.498776 2 0.087465 0.501589 2
3 0.088235 0.489588 0.064074 0.002700 0.120272 0.488238 2 0.103455 0.489184 2 0.087789 0.490087 2 0.071875 0.490356 2 0.056198 0.490938 2
3 0.419025 0.498613 0.597934 0.046803 0.717992 0.522014 2 0.595926 0.484086 2 0.446678 0.475211 2 0.279716 0.478368 2 0.120058 0.483953 2
3 0.601545 0.639573 0.187049 0.017989 0.695069 0.648568 2 0.651973 0.640813 2 0.615012 0.636021 2 0.563953 0.631594 2 0.508021 0.630579 2
1 0.892928 0.558817 0.210648 0.009763 0.787604 0.563698 2 0.846366 0.560133 2 0.905272 0.557593 2 0.952286 0.556256 2 0.998252 0.553935 2
1 0.884051 0.510302 0.223252 0.014343 0.772425 0.517474 2 0.840347 0.513909 2 0.897731 0.511369 2 0.947031 0.506788 2 0.995677 0.503131 2
2 0.776615 0.583241 0.087269 0.012778 0.820249 0.576852 2 0.800035 0.583513 2 0.781435 0.587682 2 0.757396 0.589630 2 0.732980 0.586678 2
2 0.899502 0.627930 0.122998 0.100344 0.838003 0.577758 2 0.864462 0.602161 2 0.897488 0.627402 2 0.925382 0.652552 2 0.961001 0.678102 2
3 0.796667 0.572529 0.123380 0.018432 0.734977 0.581745 2 0.763067 0.576950 2 0.794693 0.572526 2 0.829948 0.566942 2 0.858356 0.563313 2
1 0.253944 0.773750 0.173536 0.011950 0.340712 0.767775 2 0.296360 0.775428 2 0.248501 0.779537 2 0.205550 0.779725 2 0.167176 0.778626 2
1 0.039355 0.718866 0.072332 0.032338 0.075521 0.735035 2 0.052685 0.726861 2 0.035556 0.718212 2 0.018426 0.710035 2 0.003189 0.702697 2
2 0.195336 0.745557 0.211563 0.010744 0.301117 0.740185 2 0.250804 0.747488 2 0.195527 0.750929 2 0.137957 0.749112 2 0.089554 0.741140 2
3 0.382329 0.775642 0.134416 0.079248 0.449537 0.815266 2 0.426019 0.788414 2 0.396047 0.768079 2 0.357552 0.750373 2 0.315122 0.736019 2
3 0.618944 0.771612 0.388825 0.114896 0.813356 0.714164 2 0.712650 0.749664 2 0.623698 0.780512 2 0.525642 0.809057 2 0.424531 0.829060 2
3 0.924983 0.778323 0.146852 0.008406 0.851557 0.774230 2 0.893796 0.774120 2 0.929444 0.775998 2 0.965741 0.780049 2 0.998409 0.782526 2
3 0.922219 0.847513 0.144311 0.029864 0.850064 0.832581 2 0.890781 0.839115 2 0.923628 0.846672 2 0.960012 0.854705 2 0.994375 0.862445 2
