2 0.919919 0.149549 0.156539 0.052309 0.998189 0.175703 2 0.959057 0.162040 2 0.919919 0.149280 2 0.880781 0.137054 2 0.841649 0.123394 2
1 0.955648 0.022740 0.047407 0.042477 0.979352 0.043979 2 0.963553 0.033547 2 0.951701 0.022512 2 0.939850 0.012083 2 0.931944 0.001502 2
3 0.941739 0.060765 0.109334 0.022410 0.996406 0.071970 2 0.966296 0.070958 2 0.934253 0.065156 2 0.912297 0.057882 2 0.887072 0.049560 2
1 0.747882 0.080806 0.338854 0.021155 0.917309 0.070229 2 0.830764 0.073747 2 0.749792 0.082135 2 0.673270 0.091383 2 0.578455 0.090749 2
1 0.916183 0.028798 0.018999 0.034511 0.906684 0.046053 2 0.911244 0.036415 2 0.916117 0.027833 2 0.920648 0.019708 2 0.925683 0.011542 2
3 0.918171 0.344062 0.154653 0.042807 0.995498 0.365466 2 0.951979 0.356751 2 0.913189 0.346591 2 0.874624 0.334774 2 0.840845 0.322659 2
3 0.962101 0.398683 0.072037 0.052784 0.998119 0.425075 2 0.978258 0.411632 2 0.960590 0.398044 2 0.942928 0.385501 2 0.926082 0.372292 2
2 0.126707 0.529235 0.246991 0.193035 0.003212 0.625752 2 0.086013 0.589922 2 0.153929 0.543472 2 0.205341 0.495489 2 0.250203 0.432717 2
3 0.035067 0.580424 0.062830 0.003608 0.003652 0.582153 2 0.020266 0.582228 2 0.034549 0.581183 2 0.050625 0.581042 2 0.066481 0.578620 2
2 0.111574 0.606467 0.143750 0.041458 0.039699 0.585738 2 0.078848 0.595243 2 0.116273 0.607086 2 0.147598 0.616869 2 0.183449 0.627196 2
3 0.072517 0.614065 0.062280 0.010955 0.041377 0.619543 2 0.057992 0.616594 2 0.073924 0.613623 2 0.087801 0.611007 2 0.103657 0.608588 2
1 0.061264 0.598278 0.119265 0.009525 0.001632 0.602795 2 0.039120 0.603041 2 0.069497 0.600093 2 0.092708 0.597885 2 0.120897 0.593516 2
3 0.177318 0.607135 0.208096 0.059120 0.073270 0.577575 2 0.127135 0.589332 2 0.179045 0.609097 2 0.225249 0.623802 2 0.281366 0.636696 2
2 0.140434 0.518430 0.086215 0.112347 0.097326 0.574604 2 0.121811 0.541780 2 0.144832 0.513770 2 0.164005 0.489308 2 0.183542 0.462257 2
2 0.264410 0.573006 0.115938 0.079954 0.206441 0.612983 2 0.243380 0.595946 2 0.274554 0.576013 2 0.301256 0.555307 2 0.322378 0.533030 2
2 0.057587 0.536240 0.109641 0.023313 0.002766 0.524583 2 0.030336 0.532028 2 0.060405 0.537541 2 0.086591 0.542853 2 0.112407 0.547896 2
3 0.134378 0.407352 0.263837 0.005521 0.002459 0.409193 2 0.069149 0.404592 2 0.138669 0.406672 2 0.196372 0.410113 2 0.266296 0.409155 2
2 0.227028 0.418725 0.148351 0.017532 0.152853 0.409959 2 0.178906 0.420877 2 0.217529 0.424850 2 0.258287 0.427393 2 0.301204 0.427491 2
3 0.334580 0.420693 0.115619 0.020923 0.276771 0.410231 2 0.307153 0.415388 2 0.337784 0.419106 2 0.361985 0.426768 2 0.392390 0.431155 2
2 0.465940 0.427431 0.130041 0.009502 0.400920 0.431791 2 0.429792 0.432182 2 0.461997 0.430573 2 0.494688 0.427711 2 0.530961 0.422679 2
1 0.033854 0.395262 0.062141 0.064476 0.002784 0.363024 2 0.019769 0.379025 2 0.036788 0.394928 2 0.051198 0.411424 2 0.064925 0.427500 2
3 0.064705 0.252652 0.124375 0.091340 0.002517 0.298322 2 0.033194 0.277760 2 0.068802 0.258351 2 0.098356 0.232497 2 0.126892 0.206982 2
1 0.024786 0.311863 0.045486 0.021360 0.002043 0.322543 2 0.016916 0.318927 2 0.027905 0.314146 2 0.039427 0.306997 2 0.047529 0.301183 2
1 0.066302 0.313113 0.101169 0.019178 0.015718 0.303524 2 0.040932 0.313299 2 0.069421 0.322703 2 0.094994 0.317674 2 0.116887 0.308015 2
1 0.067219 0.280508 0.089392 0.024025 0.022523 0.292520 2 0.048443 0.287306 2 0.070833 0.281988 2 0.091528 0.276424 2 0.111916 0.268495 2
1 0.143168 0.252034 0.203987 0.012020 0.041175 0.246024 2 0.088218 0.256372 2 0.139346 0.258044 2 0.191157 0.256438 2 0.245162 0.249546 2
1 0.136516 0.243812 0.072326 0.014019 0.100353 0.236803 2 0.119421 0.241759 2 0.136464 0.245804 2 0.153657 0.249653 2 0.172679 0.250822 2
1 0.208863 0.156383 0.159265 0.119149 0.129230 0.215958 2 0.179190 0.189233 2 0.219491 0.162546 2 0.257292 0.134928 2 0.288495 0.096808 2
2 0.089693 0.217186 0.014167 0.022526 0.096777 0.228449 2 0.093235 0.222567 2 0.089693 0.217069 2 0.086152 0.211806 2 0.082610 0.205923 2
2 0.109931 0.204682 0.012639 0.010880 0.116250 0.210122 2 0.113090 0.207280 2 0.109931 0.204627 2 0.106771 0.202083 2 0.103611 0.199242 2
3 0.117659 0.223464 0.230689 0.032419 0.002315 0.239673 2 0.061557 0.232141 2 0.117830 0.225495 2 0.176771 0.218571 2 0.233003 0.207254 2
3 0.360628 0.191655 0.257946 0.074144 0.231655 0.222271 2 0.313009 0.228727 2 0.387853 0.212355 2 0.440463 0.186065 2 0.489601 0.154583 2
2 0.214479 0.198393 0.008750 0.013539 0.218854 0.205162 2 0.216667 0.201626 2 0.214479 0.198325 2 0.212292 0.195159 2 0.210104 0.191623 2
2 0.071421 0.252933 0.123825 0.004100 0.009508 0.250929 2 0.041788 0.250883 2 0.074699 0.250911 2 0.102645 0.252642 2 0.133333 0.254983 2
2 0.014580 0.191554 0.024797 0.019647 0.002182 0.201377 2 0.008692 0.196262 2 0.014722 0.191461 2 0.020463 0.186849 2 0.026979 0.181730 2
3 0.025422 0.131872 0.045312 0.015480 0.002766 0.139612 2 0.014560 0.135127 2 0.025538 0.130911 2 0.036962 0.127778 2 0.048079 0.124132 2
