3 0.154818 0.325003 0.029034 0.246863 0.140301 0.448435 2 0.163970 0.384216 2 0.168061 0.329219 2 0.169334 0.266042 2 0.165885 0.201571 2
3 0.067650 0.536415 0.121424 0.167442 0.006939 0.620136 2 0.054601 0.576490 2 0.082604 0.539450 2 0.109959 0.496513 2 0.128362 0.452694 2
3 0.055440 0.489000 0.108044 0.048099 0.001418 0.513050 2 0.028831 0.502141 2 0.057575 0.491021 2 0.083924 0.478084 2 0.109462 0.464951 2
2 0.242960 0.305726 0.001047 0.051030 0.243484 0.331241 2 0.243223 0.317914 2 0.242963 0.305463 2 0.242697 0.293539 2 0.242436 0.280211 2
3 0.242986 0.355476 0.005787 0.038122 0.240093 0.374537 2 0.243698 0.363793 2 0.242934 0.354456 2 0.245880 0.345619 2 0.245880 0.336415 2
1 0.026337 0.404929 0.048218 0.065859 0.050446 0.437859 2 0.034369 0.421687 2 0.022315 0.404578 2 0.012708 0.388232 2 0.002228 0.371999 2
3 0.166157 0.403021 0.323854 0.114850 0.004230 0.460446 2 0.093061 0.432240 2 0.170341 0.405093 2 0.253640 0.376192 2 0.328084 0.345596 2
3 0.097734 0.271424 0.184439 0.070648 0.005515 0.306748 2 0.054236 0.292844 2 0.103356 0.276713 2 0.151291 0.256557 2 0.189954 0.236100 2
2 0.151273 0.041306 0.106898 0.045796 0.097824 0.064204 2 0.129606 0.053631 2 0.158669 0.041632 2 0.180804 0.031748 2 0.204722 0.018409 2
2 0.197810 0.020480 0.005492 0.037338 0.200556 0.039149 2 0.199184 0.029398 2 0.197813 0.020286 2 0.196441 0.011562 2 0.195064 0.001811 2
2 0.220295 0.034433 0.010521 0.065469 0.215035 0.067167 2 0.216233 0.049968 2 0.218108 0.033782 2 0.221105 0.018727 2 0.225556 0.001698 2
2 0.035203 0.061386 0.028727 0.037986 0.049566 0.080379 2 0.038866 0.071464 2 0.033189 0.061192 2 0.028021 0.052315 2 0.020839 0.042393 2
2 0.040486 0.055602 0.046343 0.106916 0.063657 0.109060 2 0.045029 0.082896 2 0.036458 0.055553 2 0.026892 0.030570 2 0.017315 0.002144 2
3 0.137853 0.064029 0.262141 0.071606 0.006782 0.099832 2 0.068009 0.078435 2 0.137361 0.059375 2 0.203987 0.043848 2 0.268924 0.028226 2
3 0.109687 0.098685 0.211701 0.056062 0.003837 0.126716 2 0.058154 0.114297 2 0.111725 0.102329 2 0.166348 0.085642 2 0.215538 0.070654 2
3 0.830411 0.522140 0.330891 0.018990 0.995856 0.529375 2 0.906719 0.531635 2 0.819618 0.529065 2 0.730793 0.521571 2 0.664965 0.512645 2
3 0.818174 0.541730 0.357726 0.018142 0.997037 0.532659 2 0.913345 0.543307 2 0.814925 0.550802 2 0.729039 0.548545 2 0.639311 0.540668 2
2 0.649190 0.562843 0.058704 0.027920 0.678542 0.548883 2 0.663050 0.556059 2 0.648814 0.562934 2 0.635324 0.569627 2 0.619838 0.576803 2
2 0.961817 0.657823 0.075093 0.010084 0.999363 0.662865 2 0.980590 0.660231 2 0.961817 0.657772 2 0.943044 0.655414 2 0.924271 0.652781 2
2 0.940263 0.045488 0.117228 0.032202 0.998877 0.061589 2 0.964537 0.056953 2 0.930706 0.050101 2 0.905926 0.040564 2 0.881649 0.029387 2
1 0.870582 0.013916 0.007043 0.025408 0.874103 0.026620 2 0.871753 0.020382 2 0.869994 0.013782 2 0.868229 0.007541 2 0.867060 0.001212 2
3 0.739528 0.309222 0.512610 0.090498 0.995833 0.343698 2 0.857743 0.354470 2 0.722807 0.342231 2 0.585203 0.306510 2 0.483223 0.263973 2
1 0.959994 0.430942 0.075891 0.066039 0.997940 0.463961 2 0.972645 0.447746 2 0.950318 0.431427 2 0.934699 0.414375 2 0.922049 0.397922 2
